1	2
2	4
3	5
4	7
5	8
6	10
7	11
8	12
9	14
10	15
11	16
12	17
13	19
14	20
15	21
16	22
17	24
18	25
19	26
20	28
21	29
22	30
23	32
24	33
25	34
26	36
27	37
28	38
29	39
30	41
31	42
32	43
33	45
34	46
35	47
36	48
37	50
38	51
39	52
40	53
41	55
42	56
43	57
44	58
45	60
46	61
47	62
48	63
49	65
50	66
51	67
52	68
53	70
54	71
55	72
56	74
57	75
58	76
59	77
60	79
61	80
62	81
63	83
64	84
65	85
66	87
67	88
68	89
69	90
70	91
71	93
72	94
73	95
74	96
75	98
76	99
77	100
78	102
79	103
80	104
81	106
82	107
83	108
84	110
85	111
86	112
87	113
88	115
89	116
90	117
91	118
92	119
93	121
94	122
95	123
96	124
97	126
98	127
99	128
100	130
101	131
102	132
103	133
104	135
105	136
106	137
107	138
108	139
109	141
110	142
111	143
112	144
113	145
114	147
115	148
116	149
117	150
118	152
119	153
120	154
121	155
122	157
123	158
124	159
125	160
126	161
127	163
128	164
129	165
130	166
131	167
132	169
133	170
134	171
135	172
136	174
137	175
138	176
139	177
140	179
141	180
142	181
143	182
144	184
145	185
146	186
147	187
148	189
149	190
150	191
151	192
152	194
153	195
154	196
155	197
156	199
157	200
158	201
159	202
160	203
161	205
162	206
163	207
164	208
165	209
166	211
167	212
168	213
169	214
170	216
171	217
172	218
173	219
174	221
175	222
176	223
177	224
178	226
179	227
180	228
181	229
182	231
183	232
184	233
185	234
186	235
187	237
188	238
189	239
190	240
191	242
192	243
193	244
194	245
195	246
196	248
197	249
198	250
199	251
200	253
201	254
202	256
203	257
204	258
205	259
206	260
207	262
208	263
209	264
210	265
211	267
212	268
213	269
214	270
215	271
216	273
217	274
218	275
219	276
220	278
221	279
222	280
223	281
224	283
225	284
226	285
227	286
228	288
229	289
230	290
231	291
232	293
233	294
234	295
235	296
236	297
237	299
238	300
239	301
240	302
241	304
242	305
243	306
244	307
245	309
246	310
247	311
248	312
249	314
250	315
251	316
252	317
253	318
254	320
255	321
256	322
257	323
258	325
259	326
260	327
261	328
262	330
263	331
264	333
265	334
266	335
267	336
268	338
269	339
270	340
271	341
272	343
273	344
274	345
275	346
276	348
277	349
278	350
279	351
280	352
281	354
282	355
283	356
284	357
285	359
286	360
287	361
288	363
289	364
290	365
291	366
292	368
293	369
294	370
295	371
296	373
297	374
298	375
299	376
300	378
301	379
302	380
303	381
304	383
305	384
306	385
307	387
308	388
309	389
310	390
311	391
312	393
313	394
314	396
315	397
316	398
317	399
318	401
319	402
320	403
321	404
322	406
323	407
324	408
325	409
326	411
327	412
328	413
329	414
330	416
331	417
332	418
333	419
334	421
335	422
336	423
337	424
338	426
339	427
340	428
341	429
342	430
343	432
344	433
345	434
346	435
347	437
348	438
349	439
350	440
351	442
352	443
353	444
354	445
355	447
356	448
357	449
358	450
359	452
360	453
361	454
362	455
363	457
364	458
365	459
366	461
367	462
368	463
369	464
370	466
371	467
372	468
373	470
374	471
375	472
376	474
377	475
378	476
379	477
380	479
381	480
382	481
383	482
384	484
385	485
386	486
387	488
388	489
389	490
390	491
391	493
392	494
393	495
394	497
395	498
396	499
397	500
398	501
399	503
400	504
401	505
402	507
403	508
404	509
405	511
406	512
407	513
408	514
409	516
410	517
411	518
412	520
413	521
414	522
415	523
416	525
417	526
418	527
419	528
420	530
421	531
422	532
423	533
424	535
425	536
426	537
427	538
428	540
429	541
430	542
431	543
432	545
433	546
434	547
435	548
436	550
437	551
438	552
439	553
440	555
441	556
442	557
443	558
444	560
445	561
446	562
447	563
448	565
449	566
450	567
451	568
452	570
453	571
454	572
455	573
456	575
457	576
458	577
459	578
460	580
461	581
462	582
463	584
464	585
465	586
466	587
467	589
468	590
469	591
470	592
471	594
472	595
473	596
474	598
475	599
476	600
477	601
478	603
479	604
480	605
481	606
482	608
483	609
484	610
485	611
486	613
487	614
488	615
489	616
490	618
491	619
492	620
493	621
494	622
495	624
496	625
497	626
498	628
499	629
500	630
501	631
502	633
503	634
504	635
505	636
506	638
507	639
508	640
509	641
510	643
511	644
512	645
513	646
514	648
515	649
516	650
517	651
518	653
519	654
520	655
521	656
522	658
523	659
524	660
525	661
526	663
527	664
528	665
529	666
530	668
531	669
532	670
533	671
534	673
535	674
536	675
537	676
538	678
539	679
540	680
541	682
542	683
543	684
544	685
545	686
546	688
547	689
548	690
549	691
550	693
551	694
552	695
553	696
554	698
555	699
556	700
557	702
558	703
559	704
560	706
561	707
562	708
563	709
564	711
565	712
566	713
567	714
568	716
569	717
570	718
571	719
572	721
573	722
574	723
575	724
576	726
577	727
578	728
579	729
580	731
581	732
582	733
583	734
584	736
585	737
586	738
587	739
588	741
589	742
590	743
591	744
592	746
593	747
594	748
595	749
596	751
597	752
598	753
599	755
600	756
601	757
602	759
603	760
604	761
605	763
606	764
607	765
608	766
609	768
610	769
611	770
612	771
613	773
614	774
615	775
616	777
617	778
618	779
619	780
620	782
621	783
622	784
623	785
624	787
625	788
626	789
627	790
628	792
629	793
630	794
631	796
632	797
633	798
634	799
635	801
636	802
637	803
638	804
639	806
640	807
641	808
642	810
643	811
644	812
645	813
646	815
647	816
648	817
649	818
650	819
651	821
652	822
653	823
654	825
655	826
656	827
657	828
658	830
659	831
660	832
661	833
662	835
663	836
664	837
665	838
666	840
667	841
668	842
669	843
670	845
671	846
672	847
673	849
674	850
675	851
676	852
677	854
678	855
679	856
680	857
681	859
682	860
683	861
684	863
685	864
686	865
687	866
688	868
689	869
690	870
691	872
692	873
693	874
694	875
695	877
696	878
697	879
698	881
699	882
700	883
701	885
702	886
703	887
704	888
705	890
706	891
707	892
708	894
709	895
710	896
711	897
712	899
713	900
714	901
715	902
716	904
717	905
718	906
719	907
720	909
721	910
722	911
723	913
724	914
725	915
726	916
727	918
728	919
729	920
730	921
731	923
732	924
733	925
734	927
735	928
736	929
737	930
738	932
739	933
740	934
741	935
742	937
743	938
744	939
745	941
746	942
747	943
748	944
749	946
750	947
751	948
752	950
753	951
754	952
755	953
756	955
757	956
758	957
759	958
760	960
761	961
762	962
763	964
764	965
765	966
766	967
767	969
768	970
769	971
770	972
771	974
772	975
773	976
774	978
775	979
776	980
777	981
778	983
779	984
780	985
781	986
782	988
783	989
784	990
785	991
786	993
787	994
788	995
789	996
790	998
791	999
792	1000
793	1002
794	1003
795	1004
796	1005
797	1007
798	1008
799	1009
800	1011
801	1012
802	1013
803	1015
804	1016
805	1017
806	1018
807	1020
808	1021
809	1022
810	1024
811	1025
812	1026
813	1027
814	1029
815	1030
816	1031
817	1032
818	1034
819	1035
820	1036
821	1037
822	1039
823	1040
824	1041
825	1042
826	1044
827	1045
828	1046
829	1047
830	1049
831	1050
832	1051
833	1053
834	1054
835	1055
836	1056
837	1058
838	1059
839	1060
840	1062
841	1063
842	1064
843	1065
844	1067
845	1068
846	1069
847	1071
848	1072
849	1073
850	1075
851	1076
852	1077
853	1078
854	1080
855	1081
856	1082
857	1083
858	1085
859	1086
860	1087
861	1089
862	1090
863	1091
864	1093
865	1094
866	1095
867	1096
868	1098
869	1099
870	1100
871	1102
872	1103
873	1104
874	1106
875	1107
876	1108
877	1110
878	1111
879	1112
880	1114
881	1115
882	1116
883	1118
884	1119
885	1121
886	1122
887	1123
888	1124
889	1126
890	1127
891	1128
892	1130
893	1131
894	1132
895	1133
896	1135
897	1136
898	1137
899	1139
900	1140
901	1141
902	1143
903	1144
904	1146
905	1147
906	1148
907	1150
908	1151
909	1152
910	1154
911	1155
912	1156
913	1158
914	1159
915	1160
916	1162
917	1163
918	1164
919	1165
920	1167
921	1168
922	1169
923	1171
924	1172
925	1173
926	1175
927	1176
928	1177
929	1179
930	1180
931	1181
932	1183
933	1184
934	1185
935	1186
936	1188
937	1189
938	1190
939	1192
940	1193
941	1194
942	1195
943	1197
944	1198
945	1200
946	1201
947	1202
948	1204
949	1205
950	1206
951	1208
952	1209
953	1210
954	1212
955	1213
956	1214
957	1216
958	1217
959	1218
960	1220
961	1221
962	1222
963	1224
964	1225
965	1226
966	1228
967	1229
968	1230
969	1232
970	1233
971	1234
972	1236
973	1237
974	1238
975	1239
976	1241
977	1242
978	1243
979	1245
980	1246
981	1247
982	1249
983	1250
984	1251
985	1253
986	1254
987	1255
988	1257
989	1258
990	1259
991	1261
992	1262
993	1263
994	1265
995	1266
996	1267
997	1269
998	1270
999	1271
1000	1273
1001	1274
1002	1276
1003	1277
1004	1278
1005	1279
1006	1281
1007	1282
1008	1284
1009	1285
1010	1286
1011	1287
1012	1289
1013	1290
1014	1292
1015	1293
1016	1294
1017	1295
1018	1297
1019	1298
1020	1299
1021	1301
1022	1302
1023	1303
1024	1305
1025	1306
1026	1307
1027	1309
1028	1310
1029	1311
1030	1313
1031	1314
1032	1315
1033	1317
1034	1318
1035	1319
1036	1320
1037	1322
1038	1323
1039	1324
1040	1326
1041	1327
1042	1328
1043	1329
1044	1331
1045	1332
1046	1333
1047	1335
1048	1336
1049	1337
1050	1339
1051	1340
1052	1341
1053	1343
1054	1344
1055	1345
1056	1347
1057	1348
1058	1349
1059	1350
1060	1352
1061	1353
1062	1354
1063	1356
1064	1357
1065	1358
1066	1360
1067	1361
1068	1362
1069	1364
1070	1365
1071	1366
1072	1368
1073	1369
1074	1370
1075	1372
1076	1373
1077	1374
1078	1376
1079	1377
1080	1378
1081	1380
1082	1381
1083	1382
1084	1383
1085	1385
1086	1386
1087	1387
1088	1388
1089	1390
1090	1391
1091	1392
1092	1393
1093	1395
1094	1396
1095	1397
1096	1399
1097	1400
1098	1401
1099	1402
1100	1404
1101	1405
1102	1407
1103	1408
1104	1409
1105	1410
1106	1412
1107	1413
1108	1414
1109	1416
1110	1417
1111	1418
1112	1420
1113	1421
1114	1422
1115	1423
1116	1425
1117	1426
1118	1427
1119	1429
1120	1430
1121	1431
1122	1432
1123	1434
1124	1435
1125	1436
1126	1438
1127	1439
1128	1440
1129	1441
1130	1443
1131	1444
1132	1445
1133	1446
1134	1448
1135	1449
1136	1450
1137	1451
1138	1453
1139	1454
1140	1455
1141	1456
1142	1458
1143	1459
1144	1460
1145	1462
1146	1463
1147	1464
1148	1465
1149	1467
1150	1468
1151	1469
1152	1471
1153	1472
1154	1473
1155	1474
1156	1476
1157	1477
1158	1478
1159	1479
1160	1481
1161	1482
1162	1483
1163	1484
1164	1486
1165	1487
1166	1488
1167	1489
1168	1491
1169	1492
1170	1493
1171	1495
1172	1496
1173	1497
1174	1498
1175	1500
1176	1501
1177	1502
1178	1504
1179	1505
1180	1506
1181	1507
1182	1509
1183	1510
1184	1511
1185	1513
1186	1514
1187	1515
1188	1517
1189	1518
1190	1519
1191	1520
1192	1522
1193	1523
1194	1524
1195	1526
1196	1527
1197	1528
1198	1529
1199	1531
1200	1532
1201	1534
1202	1535
1203	1536
1204	1538
1205	1539
1206	1540
1207	1541
1208	1543
1209	1544
1210	1545
1211	1547
1212	1548
1213	1549
1214	1550
1215	1552
1216	1553
1217	1554
1218	1555
1219	1557
1220	1558
1221	1559
1222	1561
1223	1562
1224	1563
1225	1564
1226	1566
1227	1567
1228	1568
1229	1569
1230	1571
1231	1572
1232	1573
1233	1574
1234	1576
1235	1577
1236	1578
1237	1580
1238	1581
1239	1582
1240	1584
1241	1585
1242	1586
1243	1587
1244	1589
1245	1590
1246	1591
1247	1592
1248	1594
1249	1595
1250	1596
1251	1598
1252	1599
1253	1600
1254	1602
1255	1603
1256	1604
1257	1605
1258	1607
1259	1608
1260	1609
1261	1610
1262	1612
1263	1613
1264	1614
1265	1616
1266	1617
1267	1618
1268	1620
1269	1621
1270	1622
1271	1623
1272	1625
1273	1626
1274	1627
1275	1629
1276	1630
1277	1631
1278	1632
1279	1634
1280	1635
1281	1636
1282	1638
1283	1639
1284	1640
1285	1641
1286	1643
1287	1644
1288	1645
1289	1647
1290	1648
1291	1649
1292	1650
1293	1652
1294	1653
1295	1654
1296	1656
1297	1657
1298	1658
1299	1660
1300	1661
1301	1662
1302	1664
1303	1665
1304	1666
1305	1668
1306	1669
1307	1670
1308	1672
1309	1673
1310	1674
1311	1675
1312	1677
1313	1678
1314	1679
1315	1681
1316	1682
1317	1683
1318	1685
1319	1686
1320	1687
1321	1688
1322	1690
1323	1691
1324	1692
1325	1694
1326	1695
1327	1696
1328	1698
1329	1699
1330	1700
1331	1701
1332	1703
1333	1704
1334	1706
1335	1707
1336	1708
1337	1709
1338	1711
1339	1712
1340	1713
1341	1715
1342	1716
1343	1717
1344	1719
1345	1720
1346	1721
1347	1722
1348	1724
1349	1725
1350	1726
1351	1728
1352	1729
1353	1730
1354	1731
1355	1733
1356	1734
1357	1735
1358	1737
1359	1738
1360	1739
1361	1741
1362	1742
1363	1743
1364	1745
1365	1746
1366	1747
1367	1749
1368	1750
1369	1751
1370	1753
1371	1754
1372	1755
1373	1756
1374	1758
1375	1759
1376	1760
1377	1762
1378	1763
1379	1764
1380	1766
1381	1767
1382	1768
1383	1769
1384	1771
1385	1772
1386	1773
1387	1774
1388	1776
1389	1777
1390	1778
1391	1780
1392	1781
1393	1782
1394	1784
1395	1785
1396	1786
1397	1788
1398	1789
1399	1790
1400	1792
1401	1793
1402	1794
1403	1796
1404	1797
1405	1798
1406	1800
1407	1801
1408	1802
1409	1804
1410	1805
1411	1806
1412	1808
1413	1809
1414	1810
1415	1811
1416	1813
1417	1814
1418	1815
1419	1817
1420	1818
1421	1819
1422	1821
1423	1822
1424	1823
1425	1824
1426	1826
1427	1827
1428	1829
1429	1830
1430	1831
1431	1832
1432	1834
1433	1835
1434	1836
1435	1838
1436	1839
1437	1840
1438	1842
1439	1843
1440	1844
1441	1846
1442	1847
1443	1849
1444	1850
1445	1851
1446	1853
1447	1854
1448	1855
1449	1856
1450	1858
1451	1859
1452	1860
1453	1862
1454	1863
1455	1864
1456	1866
1457	1867
1458	1868
1459	1870
1460	1871
1461	1872
1462	1873
1463	1875
1464	1876
1465	1877
1466	1879
1467	1880
1468	1881
1469	1883
1470	1884
1471	1885
1472	1886
1473	1888
1474	1889
1475	1890
1476	1892
1477	1893
1478	1894
1479	1896
1480	1897
1481	1898
1482	1899
1483	1901
1484	1902
1485	1903
1486	1905
1487	1906
1488	1907
1489	1909
1490	1910
1491	1911
1492	1912
1493	1914
1494	1915
1495	1916
1496	1918
1497	1919
1498	1920
1499	1921
1500	1923
1501	1924
1502	1926
1503	1927
1504	1928
1505	1930
1506	1931
1507	1932
1508	1934
1509	1935
1510	1936
1511	1937
1512	1939
1513	1940
1514	1941
1515	1943
1516	1944
1517	1945
1518	1947
1519	1948
1520	1949
1521	1950
1522	1952
1523	1953
1524	1954
1525	1956
1526	1957
1527	1958
1528	1959
1529	1961
1530	1962
1531	1963
1532	1965
1533	1966
1534	1967
1535	1968
1536	1970
1537	1971
1538	1972
1539	1974
1540	1975
1541	1976
1542	1978
1543	1979
1544	1980
1545	1982
1546	1983
1547	1984
1548	1985
1549	1987
1550	1988
1551	1989
1552	1991
1553	1992
1554	1994
1555	1995
1556	1996
1557	1998
1558	1999
1559	2000
1560	2002
1561	2003
1562	2004
1563	2006
1564	2007
1565	2008
1566	2010
1567	2011
1568	2012
1569	2013
1570	2015
1571	2016
1572	2017
1573	2019
1574	2020
1575	2021
1576	2023
1577	2024
1578	2025
1579	2027
1580	2028
1581	2029
1582	2031
1583	2032
1584	2033
1585	2034
1586	2036
1587	2037
