1	0.11448572
2	0.074822401
3	0.084466268
4	0.073196773
5	0.07538116
6	0.069527641
7	0.069385819
8	0.065783591
9	0.064796341
10	0.062434694
11	0.061263296
12	0.05956152
13	0.058431538
14	0.057104823
15	0.056073247
16	0.054977584
17	0.054044347
18	0.053111187
19	0.052269521
20	0.051455664
21	0.050695283
22	0.049972869
23	0.049284188
24	0.048631685
25	0.048005906
26	0.047412997
27	0.046842429
28	0.046300393
29	0.045778041
30	0.04527883
31	0.044796949
32	0.044335432
33	0.04388901
34	0.043460919
35	0.043046259
36	0.042646893
37	0.04226016
38	0.041886403
39	0.041523751
40	0.041172451
41	0.040832373
42	0.040499815
43	0.040177332
44	0.039863175
45	0.039558778
46	0.039260748
47	0.038972054
48	0.038688022
49	0.038409923
50	0.038139798
51	0.037875594
52	0.037617525
53	0.037364805
54	0.037117902
55	0.0368754
56	0.036638961
57	0.036407565
58	0.036180012
59	0.035955482
60	0.035736258
61	0.03552043
62	0.035309229
63	0.035101233
64	0.034897781
65	0.034697271
66	0.034501151
67	0.034307171
68	0.034118315
69	0.033932985
70	0.033750323
71	0.033569681
72	0.033393255
73	0.03321834
74	0.033047712
75	0.032880024
76	0.032715049
77	0.032551887
78	0.032392136
79	0.032234766
80	0.032080506
81	0.031927536
82	0.031778007
83	0.031630826
84	0.03148619
85	0.03134385
86	0.031203916
87	0.031064686
88	0.030929203
89	0.030794258
90	0.030662878
91	0.030532469
92	0.030405049
93	0.030278082
94	0.030154183
95	0.030031011
96	0.029910676
97	0.02979179
98	0.029675149
99	0.029560556
100	0.029447344
101	0.029334289
102	0.029224761
103	0.029116294
104	0.029009144
105	0.028902016
106	0.028798304
107	0.028695708
108	0.02859412
109	0.028492663
110	0.028393587
111	0.02829477
112	0.028198247
113	0.028101517
114	0.028007248
115	0.027912866
116	0.027820818
117	0.027728494
118	0.027638849
119	0.027550039
120	0.027461947
121	0.027374011
122	0.02728792
123	0.02720157
124	0.027118021
125	0.027034388
126	0.026952189
127	0.026869429
128	0.026788818
129	0.026707876
130	0.026629088
131	0.026550163
132	0.02647262
133	0.026394362
134	0.026318888
135	0.026241934
136	0.02616814
137	0.025969552
138	0.026042615
139	0.025963387
140	0.025890112
141	0.025811362
142	0.025741246
143	0.025666286
144	0.025597046
145	0.025523206
146	0.025455922
147	0.025384143
148	0.025318382
149	0.025247143
150	0.025182836
151	0.025112123
152	0.025049016
153	0.024978538
154	0.024917335
155	0.024847494
156	0.024787177
157	0.024717399
158	0.024657868
159	0.024588747
160	0.024529752
161	0.024456681
162	0.024403797
163	0.024335098
164	0.024277938
165	0.024209713
166	0.024153027
167	0.024084925
168	0.024029092
169	0.023961495
170	0.023906446
171	0.023839308
172	0.023784503
173	0.023717853
174	0.023662876
175	0.023594402
176	0.023543366
177	0.023475307
178	0.023423929
179	0.023358975
180	0.023303165
181	0.023238414
182	0.023184194
183	0.023120164
184	0.023066208
185	0.023003199
186	0.02294761
187	0.022869666
188	0.0228311
189	0.022765888
190	0.02271387
191	0.022646498
192	0.022595613
193	0.02253174
194	0.02247699
195	0.022414397
196	0.022358305
197	0.022295752
198	0.022240281
199	0.022176399
200	0.022122786
201	0.022003392
202	0.022012591
203	0.021943253
204	0.021892793
205	0.021820875
206	0.021771746
207	0.021699226
208	0.021651228
209	0.021578653
210	0.021530965
211	0.021458215
212	0.021410793
213	0.021336803
214	0.021289645
215	0.021222605
216	0.021166283
217	0.02110078
218	0.021043774
219	0.020977736
220	0.020922153
221	0.02085731
222	0.020799422
223	0.020521601
224	0.020712805
225	0.020643781
226	0.020580402
227	0.020509048
228	0.020450186
229	0.020379966
230	0.020323633
231	0.020256867
232	0.020198356
233	0.02013231
234	0.020075089
235	0.020007363
236	0.019953757
237	0.019888944
238	0.01983169
239	0.019767159
240	0.019711425
241	0.019644798
242	0.01959268
243	0.019523629
244	0.019474218
245	0.019404177
246	0.01935592
247	0.019285752
248	0.019237774
249	0.019167531
250	0.019119775
251	0.019049723
252	0.019002083
253	0.01893238
254	0.018884856
255	0.018815344
256	0.018767767
257	0.018704802
258	0.018649423
259	0.018587382
260	0.0185324
261	0.018469206
262	0.018416021
263	0.018354658
264	0.018299075
265	0.018237189
266	0.018182717
267	0.018119435
268	0.018066806
269	0.018001973
270	0.017951047
271	0.017885594
272	0.017835142
273	0.017769368
274	0.017718907
275	0.017653117
276	0.017602448
277	0.01753677
278	0.017485959
279	0.017420459
280	0.017369281
281	0.01730424
282	0.017252823
283	0.017187895
284	0.017136456
285	0.01707191
286	0.017020558
287	0.01695617
288	0.016904849
289	0.016840813
290	0.016789585
291	0.016726074
292	0.01667483
293	0.016611689
294	0.016560684
295	0.016497483
296	0.016446467
297	0.016383609
298	0.016332982
299	0.016270462
300	0.016220102
301	0.016157892
302	0.016107492
303	0.0160455
304	0.015995581
305	0.015934062
306	0.015884249
307	0.015823033
308	0.015773365
309	0.015712617
310	0.015663228
311	0.015602826
312	0.015553806
313	0.015493856
314	0.01544476
315	0.015385243
316	0.015336388
317	0.01527745
318	0.015228756
319	0.015170212
320	0.015121808
321	0.01506384
322	0.015015696
323	0.014957962
324	0.014910293
325	0.014853387
326	0.014805584
327	0.014749092
328	0.014701708
329	0.014645535
330	0.014598419
331	0.014542599
332	0.014495905
333	0.014440447
334	0.014394139
335	0.014339072
336	0.014293074
337	0.014238383
338	0.014192826
339	0.014138539
340	0.014093233
341	0.014036915
342	0.013994559
343	0.013943456
344	0.013896171
345	0.013845344
346	0.013798892
347	0.013747732
348	0.013702487
349	0.013651086
350	0.013606718
351	0.013556754
352	0.01351124
353	0.0134623
354	0.013416572
355	0.013367546
356	0.013323004
357	0.013273807
358	0.013230431
359	0.01318094
360	0.013138504
361	0.013089414
362	0.013047272
363	0.012998273
364	0.012956759
365	0.012907999
366	0.012866987
367	0.012818633
368	0.012777987
369	0.012729975
370	0.012689749
371	0.012642097
372	0.012602173
373	0.012556651
374	0.01251479
375	0.012469706
376	0.01242851
377	0.012383262
378	0.012343131
379	0.012299045
380	0.012257994
381	0.012214542
382	0.012173598
383	0.012130108
384	0.012090097
385	0.012046444
386	0.0120074
387	0.011964816
388	0.011925027
389	0.011882481
390	0.011843393
391	0.011800702
392	0.011762455
393	0.011720764
394	0.011681799
395	0.011640173
396	0.011601875
397	0.01156031
398	0.01152249
399	0.011481718
400	0.011443405
401	0.011403046
402	0.011364874
403	0.011324529
404	0.011287014
405	0.011246642
406	0.011209819
407	0.011170202
408	0.011132862
409	0.011093196
410	0.01105632
411	0.01101667
412	0.01098041
413	0.010941519
414	0.010904755
415	0.010865887
416	0.01082962
417	0.010790769
418	0.010755003
419	0.010716098
420	0.010680695
421	0.010641829
422	0.010606738
423	0.010567936
424	0.010533116
425	0.010495278
426	0.010459646
427	0.01042218
428	0.01038649
429	0.010348984
430	0.010313729
431	0.010276254
432	0.010241417
433	0.010204484
434	0.010169307
435	0.010132377
436	0.0100975
437	0.010060575
438	0.010026107
439	0.0099892391
440	0.0099550766
441	0.0099188177
442	0.009884254
443	0.0098480364
444	0.0098137802
445	0.0097776662
446	0.0097438309
447	0.0097082549
448	0.0096741594
449	0.009638572
450	0.0096047592
451	0.0095692443
452	0.0095358563
453	0.009500871
454	0.0094672728
455	0.0094323104
456	0.0093990334
457	0.0093642094
458	0.0093313665
459	0.00929706
460	0.0092640162
461	0.0092296829
462	0.0091969303
463	0.0091627026
464	0.0091302951
465	0.0090965449
466	0.0090640112
467	0.0090303322
468	0.0089980865
469	0.0089644842
470	0.0089325727
471	0.0088994044
472	0.0088673493
473	0.0088343646
474	0.0088023952
475	0.0087695048
476	0.0087378549
477	0.0087052984
478	0.008673611
479	0.0086411937
480	0.0086096252
481	0.0085773095
482	0.0085460607
483	0.0085140346
484	0.0084828037
485	0.0084509202
486	0.0084198333
487	0.0083880773
488	0.0083572695
489	0.008325832
490	0.0082951215
491	0.008263833
492	0.0082332822
493	0.0082021501
494	0.0081719312
495	0.0081411298
496	0.0081109561
497	0.008080259
498	0.0080502271
499	0.0080197142
500	0.0079899998
501	0.0079597485
502	0.0079300892
503	0.0078999899
504	0.0078705079
505	0.0078405907
506	0.0078114622
507	0.0077818479
508	0.0077527854
509	0.0077232815
510	0.0076943264
511	0.0076649858
512	0.007636338
513	0.0076072739
514	0.0075787454
515	0.0075498501
516	0.0075214684
517	0.0074927283
518	0.0074646671
519	0.0074362597
520	0.0074083122
521	0.0073800604
522	0.0073522918
523	0.0073242174
524	0.0072967596
525	0.007268933
526	0.0072415353
527	0.0072138553
528	0.007186611
529	0.0071590745
530	0.0071321136
531	0.0071048645
532	0.0070779682
533	0.007050823
534	0.0070240632
535	0.0069970461
536	0.0069705432
537	0.0069437671
538	0.0069173292
539	0.0068906917
540	0.0068644113
541	0.0068379387
542	0.0068118952
543	0.006785636
544	0.0067596861
545	0.0067335511
546	0.0067077295
547	0.0066817281
548	0.0066561633
549	0.0066304056
550	0.0066049117
551	0.006579241
552	0.0065538628
553	0.0065283216
554	0.0065032021
555	0.0064778764
556	0.0064528
557	0.0064275898
558	0.0064026513
559	0.0063775865
560	0.0063528657
561	0.0063279661
562	0.0063032859
563	0.0062784637
564	0.0062538864
565	0.0062291856
566	0.0062048334
567	0.0061803159
568	0.0061560022
569	0.0061315713
570	0.0061073869
571	0.0060830839
572	0.0060591146
573	0.0060349779
574	0.0060110404
575	0.0059869998
576	0.0059631733
577	0.0059392521
578	0.0059156566
579	0.0058919064
580	0.005868342
581	0.0058446851
582	0.0058212411
583	0.0057977232
584	0.005774498
585	0.0057511383
586	0.0057279422
587	0.0057046637
588	0.0056815738
589	0.0056584133
590	0.0056355234
591	0.0056125201
592	0.0055896637
593	0.005566722
594	0.0055439591
595	0.0055211084
596	0.0054985321
597	0.0054758452
598	0.0054532933
599	0.00543066
600	0.0054081929
601	0.0053856531
602	0.0053633733
603	0.0053409897
604	0.0053187364
605	0.0052964058
606	0.0052742334
607	0.005252002
608	0.0052300043
609	0.0052079112
610	0.0051859367
611	0.0051638945
612	0.0051420073
613	0.0051200668
614	0.0050983321
615	0.0050765134
616	0.0050547958
617	0.0050330135
618	0.00501137
619	0.0049896676
620	0.0049681998
621	0.0049466578
622	0.0049252062
623	0.0049036967
624	0.0048823167
625	0.0048608958
626	0.0048396982
627	0.0048184262
628	0.0047972431
629	0.0047760088
630	0.004754897
631	0.0047337512
632	0.0047128047
633	0.0046917979
634	0.0046708857
635	0.0046499327
636	0.0046290974
637	0.0046082336
638	0.0045875722
639	0.0045668509
640	0.0045462094
641	0.0045255261
642	0.0045049685
643	0.0044843882
644	0.0044639918
645	0.0044435464
646	0.0044231803
647	0.0044027757
648	0.004382487
649	0.0043621854
650	0.0043420723
651	0.0043219107
652	0.0043018223
653	0.0042817079
654	0.0042616966
655	0.0042416747
656	0.0042218295
657	0.0042019479
658	0.0041821423
659	0.0041623232
660	0.0041426059
661	0.0041228864
662	0.0041033424
663	0.0040837585
664	0.0040642378
665	0.0040447057
666	0.0040252772
667	0.0040058527
668	0.0039865986
669	0.0039673101
670	0.0039480922
671	0.0039288712
672	0.0039097458
673	0.0038906339
674	0.0038717021
675	0.0038527345
676	0.0038338294
677	0.0038149253
678	0.0037961244
679	0.0037773428
680	0.0037587285
681	0.0037400854
682	0.0037215039
683	0.0037029353
684	0.0036844675
685	0.003666029
686	0.0036477559
687	0.0036294748
688	0.003611253
689	0.0035930563
690	0.0035749495
691	0.0035568835
692	0.003538983
693	0.0035210744
694	0.0035032283
695	0.0034854121
696	0.0034676867
697	0.0034500041
698	0.0034325322
699	0.0034150232
700	0.0033975664
701	0.0033801393
702	0.0033628031
703	0.0033455163
704	0.0033283624
705	0.0033112244
706	0.0032941469
707	0.0032771153
708	0.0032601663
709	0.003243277
710	0.0032265459
711	0.003209814
712	0.0031931372
713	0.0031765109
714	0.0031599652
715	0.0031434789
716	0.0031271301
717	0.0031108008
718	0.0030945302
719	0.0030783132
720	0.0030621722
721	0.0030460998
722	0.0030301752
723	0.0030142681
724	0.0029984143
725	0.0029826138
726	0.0029668942
727	0.0029512474
728	0.002935751
729	0.0029202728
730	0.002904854
731	0.0028894992
732	0.0028742192
733	0.0028590187
734	0.0028439643
735	0.0028289308
736	0.0028139535
737	0.0027990432
738	0.0027842029
739	0.0027694416
740	0.002754841
741	0.0027402614
742	0.0027257326
743	0.0027112683
744	0.002696891
745	0.0026825867
746	0.0026684242
747	0.002654288
748	0.0026402018
749	0.0026261868
750	0.0026122529
751	0.0025984035
752	0.0025847133
753	0.0025710434
754	0.0025574304
755	0.0025438918
756	0.0025304489
757	0.0025170845
758	0.0025038698
759	0.002490682
760	0.0024775548
761	0.0024645056
762	0.0024515397
763	0.0024386625
764	0.0024259467
765	0.0024132548
766	0.0024006226
767	0.0023880671
768	0.0023755951
769	0.0023632103
770	0.0023509723
771	0.0023387682
772	0.0023266276
773	0.002314564
774	0.0023025815
775	0.0022906825
776	0.0022789279
777	0.002267207
778	0.0022555462
779	0.002243961
780	0.0022324551
781	0.0022210322
782	0.0022097316
783	0.0021984764
784	0.0021872815
785	0.0021761611
786	0.0021651169
787	0.0021541542
788	0.0021433115
789	0.002132515
790	0.0021217778
791	0.0021111132
792	0.0021005326
793	0.0020900229
794	0.002079618
795	0.0020692639
796	0.0020589688
797	0.0020487454
798	0.0020385942
799	0.0020285188
800	0.0020185554
801	0.002008635
802	0.0019987709
803	0.001988973
804	0.0019792449
805	0.0019695879
806	0.0019600357
807	0.0019505244
808	0.0019410672
809	0.0019316744
810	0.0019223517
811	0.001913097
812	0.0019039394
813	0.0018948256
814	0.0018857663
815	0.0018767687
816	0.0018678341
817	0.0018589677
818	0.0018501871
819	0.0018414575
820	0.0018327823
821	0.0018241693
822	0.0018156304
823	0.0018071506
824	0.001798756
825	0.0017904049
826	0.0017821055
827	0.0017738645
828	0.0017656826
829	0.0017575638
830	0.0017495435
831	0.001741561
832	0.001733627
833	0.0017257481
834	0.0017179327
835	0.0017101761
836	0.0017025087
837	0.0016948797
838	0.0016872976
839	0.0016797689
840	0.0016723029
841	0.0016648908
842	0.0016575629
843	0.0016502725
844	0.0016430251
845	0.001635828
846	0.001628683
847	0.0016215956
848	0.0016145906
849	0.001607626
850	0.0016007025
851	0.0015938279
852	0.0015870079
853	0.001580243
854	0.0015735433
855	0.001566892
856	0.0015603117
857	0.0015537656
858	0.0015472569
859	0.0015407948
860	0.0015343826
861	0.0015280234
862	0.001521737
863	0.0015154891
864	0.0015092781
865	0.0015031115
866	0.0014969908
867	0.0014909217
868	0.0014849287
869	0.0014789701
870	0.0014730461
871	0.0014671643
872	0.0014613344
873	0.0014555509
874	0.0014498187
875	0.0014441287
876	0.0014384991
877	0.0014329041
878	0.0014273423
879	0.0014218217
880	0.0014163434
881	0.0014109124
882	0.0014055451
883	0.0014002104
884	0.0013949068
885	0.0013896416
886	0.0013844195
887	0.0013792413
888	0.0013741199
889	0.0013690298
890	0.0013639704
891	0.001358948
892	0.0013539674
893	0.0013490277
894	0.0013441362
895	0.0013392781
896	0.0013344498
897	0.0013296566
898	0.0013249011
899	0.001320185
900	0.0013155323
901	0.0013109006
902	0.0013062943
903	0.0013017201
904	0.0012971827
905	0.0012926837
906	0.0012882406
907	0.0012838206
908	0.0012794268
909	0.0012750658
910	0.0012707398
911	0.0012664514
912	0.0012622122
913	0.0012580005
914	0.0012538155
915	0.0012496623
916	0.0012455475
917	0.0012414667
918	0.0012374272
919	0.0012334146
920	0.0012294277
921	0.001225471
922	0.0012215479
923	0.001217657
924	0.0012138167
925	0.001209995
926	0.0012061944
927	0.0012024206
928	0.0011986765
929	0.0011949639
930	0.0011912942
931	0.0011876455
932	0.0011840323
933	0.0011804398
934	0.00117688
935	0.001173344
936	0.0011698434
937	0.0011663643
938	0.0011629045
939	0.0011594695
940	0.001156061
941	0.0011526822
942	0.0011493511
943	0.0011460359
944	0.0011427378
945	0.0011394627
946	0.0011362188
947	0.001133001
948	0.0011298173
949	0.001126653
950	0.0011235072
951	0.0011203845
952	0.0011172896
953	0.0011142196
954	0.0011111824
955	0.0011081638
956	0.0011051627
957	0.0011021833
958	0.0010992315
959	0.0010963021
960	0.0010934065
961	0.0010905261
962	0.0010876613
963	0.0010848169
964	0.0010819952
965	0.0010791963
966	0.0010764321
967	0.0010736821
968	0.0010709456
969	0.0010682275
970	0.00106553
971	0.0010628544
972	0.0010602107
973	0.0010575815
974	0.001054965
975	0.0010523657
976	0.0010497852
977	0.001047225
978	0.0010446958
979	0.0010421801
980	0.0010396759
981	0.0010371876
982	0.0010347165
983	0.0010322648
984	0.0010298427
985	0.001027433
986	0.0010250333
987	0.0010226482
988	0.0010202789
989	0.0010179277
990	0.0010156027
991	0.0010132899
992	0.0010109867
993	0.0010086973
994	0.0010064283
995	0.0010041729
996	0.0010019364
997	0.00099971172
998	0.00099750881
999	0.00099531606
1000	0.00099313095
1001	0.00099095829
1002	0.00098880011
1003	0.00098665696
1004	0.00098453566
1005	0.0009824241
1006	0.00098032024
1007	0.0009782283
1008	0.00097615035
1009	0.00097408595
1010	0.00097204339
1011	0.00097000953
1012	0.00096798241
1013	0.00096596615
1014	0.00096396085
1015	0.00096196886
1016	0.00095999881
1017	0.00095803651
1018	0.00095608007
1019	0.00095413357
1020	0.0009521993
1021	0.00095027655
1022	0.00094837413
1023	0.00094647741
1024	0.00094458626
1025	0.0009427044
1026	0.00094083193
1027	0.00093897104
1028	0.00093713106
1029	0.00093529475
1030	0.0009334638
1031	0.00093164179
1032	0.00092982844
1033	0.00092802629
1034	0.00092624588
1035	0.00092446766
1036	0.00092269398
1037	0.00092092846
1038	0.00091917165
1039	0.00091742518
1040	0.00091569724
1041	0.00091397235
1042	0.00091226256
1043	0.00091055511
1044	0.00090885141
1045	0.00090715495
1046	0.00090546506
1047	0.00090378507
1048	0.00090212284
1049	0.00090046414
1050	0.00089880857
1051	0.00089715948
1052	0.00089551856
1053	0.00089388623
1054	0.00089226674
1055	0.000890652
1056	0.00088904635
1057	0.00088744543
1058	0.00088585353
1059	0.00088426676
1060	0.00088268754
1061	0.00088111379
1062	0.00087954692
1063	0.00087798614
1064	0.00087643089
1065	0.0008748825
1066	0.00087334084
1067	0.00087180529
1068	0.00087027623
1069	0.00086875314
1070	0.00086723619
1071	0.00086572547
1072	0.00086422174
1073	0.00086272346
1074	0.00086122704
1075	0.00085973549
1076	0.00085824973
1077	0.0008567703
1078	0.00085530024
1079	0.00085383486
1080	0.00085237123
1081	0.00085091244
1082	0.00084946177
1083	0.00084801633
1084	0.00084658012
1085	0.00084514627
1086	0.00084371374
1087	0.00084228533
1088	0.00084086075
1089	0.0008394419
1090	0.00083803508
1091	0.00083663011
1092	0.00083522617
1093	0.00083382618
1094	0.00083242988
1095	0.00083103891
1096	0.00082966078
1097	0.0008282828
1098	0.0008269145
1099	0.00082554578
1100	0.00082417735
1101	0.00082281228
1102	0.00082145418
1103	0.00082010025
1104	0.00081875371
1105	0.00081740895
1106	0.00081606478
1107	0.00081472418
1108	0.00081338633
1109	0.00081205339
1110	0.00081073365
1111	0.00080941385
1112	0.00080809342
1113	0.00080677592
1114	0.00080546128
1115	0.00080415173
1116	0.00080285398
1117	0.00080155614
1118	0.00080025781
1119	0.00079896253
1120	0.00079767209
1121	0.00079638522
1122	0.00079510434
1123	0.00079382576
1124	0.00079255396
1125	0.0007912831
1126	0.00079001531
1127	0.0007887508
1128	0.00078748854
1129	0.00078623008
1130	0.00078497813
1131	0.0007837278
1132	0.00078247845
1133	0.00078123344
1134	0.00077999476
1135	0.00077875793
1136	0.0007775246
1137	0.00077629395
1138	0.00077506736
1139	0.00077384355
1140	0.00077262421
1141	0.00077140739
1142	0.00077019063
1143	0.00076897668
1144	0.00076777382
1145	0.00076657204
1146	0.00076537506
1147	0.00076417875
1148	0.00076298165
1149	0.00076178731
1150	0.00076060214
1151	0.00075941879
1152	0.00075823585
1153	0.00075705646
1154	0.00075588518
1155	0.00075471446
1156	0.00075354265
1157	0.00075237363
1158	0.00075121216
1159	0.00075005322
1160	0.00074890255
1161	0.00074775101
1162	0.00074659798
1163	0.00074544744
1164	0.00074430356
1165	0.00074316258
1166	0.00074202732
1167	0.00074089317
1168	0.00073975819
1169	0.00073862612
1170	0.00073749506
1171	0.00073636883
1172	0.00073525184
1173	0.00073413544
1174	0.00073302676
1175	0.00073191763
1176	0.00073080725
1177	0.00072969942
1178	0.00072859673
1179	0.00072749718
1180	0.00072640746
1181	0.00072531648
1182	0.00072422417
1183	0.00072313435
1184	0.0007220493
1185	0.00072096753
1186	0.00071988688
1187	0.00071881015
1188	0.00071774139
1189	0.00071667286
1190	0.0007156044
1191	0.00071453902
1192	0.00071347666
1193	0.00071241822
1194	0.00071136572
1195	0.00071031527
1196	0.00070926916
1197	0.00070822521
1198	0.00070718807
1199	0.00070615224
1200	0.00070511624
1201	0.00070408278
1202	0.00070305698
1203	0.00070203214
1204	0.00070101276
1205	0.00069999512
1206	0.00069897773
1207	0.00069796329
1208	0.00069695103
1209	0.00069594288
1210	0.00069494356
1211	0.00069394509
1212	0.00069295184
1213	0.00069195971
1214	0.00069096783
1215	0.00068997864
1216	0.00068899311
1217	0.00068801068
1218	0.0006870363
1219	0.00068606317
1220	0.00068509022
1221	0.00068411979
1222	0.00068315229
1223	0.00068218829
1224	0.00068123223
1225	0.0006802772
1226	0.00067932262
1227	0.00067837071
1228	0.00067742077
1229	0.00067647484
1230	0.00067553806
1231	0.00067460207
1232	0.00067367219
1233	0.00067274209
1234	0.00067181216
1235	0.00067088485
1236	0.00066996283
1237	0.0006690437
1238	0.00066812902
1239	0.00066721623
1240	0.00066630817
1241	0.00066540207
1242	0.00066449898
1243	0.00066359858
1244	0.00066270271
1245	0.00066180932
1246	0.00066091591
1247	0.0006600253
1248	0.00065913633
1249	0.00065825198
1250	0.0006573741
1251	0.00065649863
1252	0.00065562586
1253	0.00065475594
1254	0.0006538896
1255	0.00065302603
1256	0.00065216597
1257	0.00065130852
1258	0.00065045564
1259	0.00064960519
1260	0.00064875455
1261	0.00064790639
1262	0.00064706013
1263	0.00064621797
1264	0.00064538269
1265	0.00064454966
1266	0.00064372248
1267	0.00064289684
1268	0.00064207033
1269	0.00064124616
1270	0.00064042387
1271	0.00063960584
1272	0.0006387947
1273	0.00063798649
1274	0.00063717762
1275	0.00063637138
1276	0.00063556708
1277	0.00063476685
1278	0.00063397487
1279	0.00063318513
1280	0.00063239414
1281	0.00063160564
1282	0.00063081865
1283	0.00063003594
1284	0.00062926038
1285	0.00062848654
1286	0.00062771236
1287	0.00062694104
1288	0.00062617102
1289	0.00062540522
1290	0.00062464642
1291	0.0006238888
1292	0.00062313755
1293	0.0006223873
1294	0.00062163636
1295	0.00062088805
1296	0.00062014437
1297	0.00061940397
1298	0.00061866742
1299	0.00061793289
1300	0.00061720314
1301	0.00061647651
1302	0.00061574883
1303	0.00061502371
1304	0.00061430062
1305	0.00061358157
1306	0.0006128688
1307	0.00061215897
1308	0.00061144838
1309	0.00061074043
1310	0.00061003469
1311	0.00060933277
1312	0.00060863749
1313	0.00060794504
1314	0.0006072516
1315	0.00060656054
1316	0.00060587332
1317	0.00060518866
1318	0.00060450897
1319	0.00060383186
1320	0.00060315448
1321	0.00060247981
1322	0.00060180735
1323	0.00060113849
1324	0.0006004768
1325	0.00059981818
1326	0.00059915815
1327	0.00059850017
1328	0.00059784373
1329	0.0005971913
1330	0.00059654565
1331	0.00059590352
1332	0.00059525975
1333	0.00059461805
1334	0.00059397918
1335	0.00059334338
1336	0.00059271314
1337	0.00059208594
1338	0.00059145763
1339	0.00059083175
1340	0.00059021005
1341	0.00058959047
1342	0.00058897634
1343	0.00058836515
1344	0.00058775276
1345	0.00058714254
1346	0.00058653386
1347	0.00058592907
1348	0.00058532996
1349	0.0005847342
1350	0.00058413733
1351	0.00058354251
1352	0.00058295229
1353	0.00058236387
1354	0.00058177991
1355	0.00058119897
1356	0.00058061706
1357	0.00058003736
1358	0.00057946095
1359	0.00057888697
1360	0.00057831738
1361	0.000577751
1362	0.00057718365
1363	0.00057661886
1364	0.00057605772
1365	0.00057549872
1366	0.00057494444
1367	0.00057439342
1368	0.00057384107
1369	0.00057329095
1370	0.00057274531
1371	0.00057220133
1372	0.00057166101
1373	0.00057112352
1374	0.00057058508
1375	0.0005700492
1376	0.00056951758
1377	0.00056898766
1378	0.00056846152
1379	0.00056793827
1380	0.00056741399
1381	0.00056689201
1382	0.00056637112
1383	0.00056585389
1384	0.00056534152
1385	0.00056483163
1386	0.00056432369
1387	0.00056381878
1388	0.00056331277
1389	0.0005628087
1390	0.00056230527
1391	0.00056180564
1392	0.00056131007
1393	0.00056081709
1394	0.00056032688
1395	0.0005598396
1396	0.00055935114
1397	0.00055886446
1398	0.00055838147
1399	0.00055790017
1400	0.000557422
1401	0.00055694614
1402	0.00055647277
1403	0.00055600289
1404	0.00055553153
1405	0.00055506188
1406	0.00055459599
1407	0.00055413178
1408	0.00055367038
1409	0.00055321144
1410	0.00055275466
1411	0.00055230138
1412	0.00055184653
1413	0.00055139321
1414	0.00055094028
1415	0.00055049102
1416	0.00055004558
1417	0.00054960299
1418	0.00054916265
1419	0.00054872577
1420	0.00054828694
1421	0.00054784916
1422	0.00054741287
1423	0.00054697934
1424	0.00054654947
1425	0.00054612288
1426	0.00054569497
1427	0.00054526857
1428	0.0005448426
1429	0.00054441991
1430	0.00054400104
1431	0.00054358474
1432	0.00054317055
1433	0.00054275885
1434	0.00054234573
1435	0.0005419338
1436	0.00054152386
1437	0.00054111609
1438	0.00054071167
1439	0.00054030922
1440	0.00053990899
1441	0.00053951122
1442	0.00053911221
1443	0.00053871434
1444	0.00053831694
1445	0.00053792251
1446	0.00053753143
1447	0.00053714211
1448	0.00053675534
1449	0.00053637093
1450	0.00053598529
1451	0.00053560096
1452	0.00053521875
1453	0.00053483861
1454	0.00053446148
1455	0.00053408665
1456	0.00053371088
1457	0.00053333654
1458	0.00053296454
1459	0.00053259409
1460	0.00053222672
1461	0.00053186125
1462	0.00053149496
1463	0.00053112999
1464	0.00053076652
1465	0.00053040506
1466	0.00053004709
1467	0.00052969131
1468	0.00052933445
1469	0.00052897871
1470	0.0005286256
1471	0.00052827367
1472	0.00052792476
1473	0.00052757744
1474	0.00052722916
1475	0.00052688215
1476	0.00052653564
1477	0.0005261916
1478	0.00052585039
1479	0.00052551062
1480	0.00052517215
1481	0.00052483504
1482	0.00052449935
1483	0.00052416544
1484	0.00052383081
1485	0.00052349756
1486	0.00052316513
1487	0.00052283501
1488	0.0005225079
1489	0.00052218264
1490	0.00052185812
1491	0.00052153576
1492	0.00052121241
1493	0.00052089004
1494	0.00052056946
1495	0.00052025032
1496	0.00051993378
1497	0.00051961981
1498	0.00051930444
1499	0.00051898965
1500	0.00051867529
1501	0.00051836295
1502	0.00051805363
1503	0.00051774663
1504	0.00051743847
1505	0.0005171309
1506	0.00051682565
1507	0.00051652137
1508	0.00051621872
1509	0.00051591758
1510	0.00051561743
1511	0.00051531962
1512	0.00051502045
1513	0.00051472198
1514	0.00051442426
1515	0.00051412835
1516	0.00051383467
1517	0.00051354305
1518	0.00051325154
1519	0.00051296154
1520	0.00051267234
1521	0.00051238568
1522	0.00051209741
1523	0.00051180964
1524	0.00051152258
1525	0.00051123721
1526	0.000510954
1527	0.00051067285
1528	0.00051039054
1529	0.00051010891
1530	0.0005098295
1531	0.00050955089
1532	0.0005092738
1533	0.00050899817
1534	0.00050872159
1535	0.00050844581
1536	0.00050817219
1537	0.00050789925
1538	0.00050762782
1539	0.00050735828
1540	0.0005070876
1541	0.00050681767
1542	0.00050654942
1543	0.00050628205
1544	0.0005060161
1545	0.0005057515
1546	0.00050548778
1547	0.00050522629
1548	0.00050496309
1549	0.00050470022
1550	0.00050443884
1551	0.00050417835
1552	0.00050391918
1553	0.00050366129
1554	0.00050340404
1555	0.00050314879
1556	0.00050289207
1557	0.00050263584
1558	0.00050237991
1559	0.00050212547
1560	0.00050187283
1561	0.00050162206
1562	0.00050136998
1563	0.00050111852
1564	0.00050086778
1565	0.00050061833
1566	0.00050037076
1567	0.00050012452
1568	0.00049987827
1569	0.00049963305
1570	0.00049938834
1571	0.00049914491
1572	0.00049890177
1573	0.00049866017
1574	0.00049841719
1575	0.00049817459
1576	0.000497932
1577	0.00049769091
1578	0.00049745133
1579	0.00049721284
1580	0.00049697519
1581	0.00049673878
1582	0.00049650125
1583	0.00049626426
1584	0.00049602799
1585	0.00049579272
1586	0.00049555899
1587	0.00049532596
