1	0.11448572
2	0.18930812
3	0.27377439
4	0.34697116
5	0.42235232
6	0.49187996
7	0.56126578
8	0.62704937
9	0.69184571
10	0.75428041
11	0.8155437
12	0.87510522
13	0.93353676
14	0.99064158
15	1.0467148
16	1.1016924
17	1.1557368
18	1.2088479
19	1.2611175
20	1.3125731
21	1.3632684
22	1.4132413
23	1.4625255
24	1.5111572
25	1.5591631
26	1.6065761
27	1.6534185
28	1.6997189
29	1.7454969
30	1.7907758
31	1.8355727
32	1.8799081
33	1.9237971
34	1.9672581
35	2.0103043
36	2.0529512
37	2.0952114
38	2.1370978
39	2.1786215
40	2.219794
41	2.2606264
42	2.3011262
43	2.3413035
44	2.3811667
45	2.4207255
46	2.4599862
47	2.4989583
48	2.5376463
49	2.5760562
50	2.614196
51	2.6520716
52	2.6896891
53	2.7270539
54	2.7641718
55	2.8010472
56	2.8376862
57	2.8740938
58	2.9102738
59	2.9462292
60	2.9819655
61	3.0174859
62	3.0527952
63	3.0878964
64	3.1227942
65	3.1574914
66	3.1919926
67	3.2262998
68	3.2604181
69	3.2943511
70	3.3281014
71	3.3616711
72	3.3950643
73	3.4282827
74	3.4613304
75	3.4942104
76	3.5269255
77	3.5594773
78	3.5918695
79	3.6241042
80	3.6561847
81	3.6881123
82	3.7198903
83	3.7515211
84	3.7830073
85	3.8143512
86	3.8455551
87	3.8766198
88	3.907549
89	3.9383432
90	3.9690061
91	3.9995386
92	4.0299436
93	4.0602217
94	4.0903759
95	4.1204069
96	4.1503176
97	4.1801094
98	4.2097845
99	4.2393451
100	4.2687924
101	4.2981267
102	4.3273515
103	4.3564678
104	4.3854769
105	4.4143789
106	4.4431772
107	4.4718729
108	4.500467
109	4.5289597
110	4.5573533
111	4.5856481
112	4.6138463
113	4.6419478
114	4.6699551
115	4.6978679
116	4.7256888
117	4.7534173
118	4.7810561
119	4.8086061
120	4.8360681
121	4.8634421
122	4.89073
123	4.9179316
124	4.9450496
125	4.972084
126	4.9990362
127	5.0259056
128	5.0526944
129	5.0794023
130	5.1060314
131	5.1325816
132	5.1590542
133	5.1854485
134	5.2117674
135	5.2380094
136	5.2641775
137	5.2901471
138	5.3161897
139	5.3421531
140	5.3680432
141	5.3938545
142	5.4195958
143	5.4452621
144	5.4708591
145	5.4963823
146	5.5218382
147	5.5472224
148	5.5725408
149	5.5977879
150	5.6229707
151	5.6480829
152	5.6731319
153	5.6981104
154	5.7230278
155	5.7478753
156	5.7726624
157	5.7973798
158	5.8220377
159	5.8466264
160	5.8711562
161	5.8956129
162	5.9200167
163	5.9443518
164	5.9686297
165	5.9928394
166	6.0169925
167	6.0410774
168	6.0651065
169	6.089068
170	6.1129744
171	6.1368137
172	6.1605982
173	6.1843161
174	6.2079789
175	6.2315734
176	6.2551167
177	6.278592
178	6.302016
179	6.3253749
180	6.3486781
181	6.3719165
182	6.3951007
183	6.4182209
184	6.4412871
185	6.4642903
186	6.4872379
187	6.5101075
188	6.5329386
189	6.5557045
190	6.5784184
191	6.6010649
192	6.6236605
193	6.6461923
194	6.6686692
195	6.6910836
196	6.7134419
197	6.7357377
198	6.757978
199	6.7801544
200	6.8022772
201	6.8242806
202	6.8462931
203	6.8682364
204	6.8901292
205	6.9119501
206	6.9337218
207	6.955421
208	6.9770723
209	6.9986509
210	7.0201819
211	7.0416401
212	7.0630509
213	7.0843877
214	7.1056773
215	7.1269
216	7.1480662
217	7.169167
218	7.1902108
219	7.2111885
220	7.2321107
221	7.252968
222	7.2737674
223	7.294289
224	7.3150018
225	7.3356456
226	7.356226
227	7.376735
228	7.3971852
229	7.4175652
230	7.4378888
231	7.4581457
232	7.4783441
233	7.4984764
234	7.5185515
235	7.5385588
236	7.5585126
237	7.5784015
238	7.5982332
239	7.6180004
240	7.6377118
241	7.6573566
242	7.6769493
243	7.6964729
244	7.7159471
245	7.7353513
246	7.7547072
247	7.773993
248	7.7932307
249	7.8123983
250	7.831518
251	7.8505678
252	7.8695698
253	7.8885022
254	7.9073871
255	7.9262024
256	7.9449702
257	7.963675
258	7.9823244
259	8.0009118
260	8.0194442
261	8.0379134
262	8.0563294
263	8.0746841
264	8.0929832
265	8.1112204
266	8.1294031
267	8.1475225
268	8.1655893
269	8.1835913
270	8.2015423
271	8.2194279
272	8.2372631
273	8.2550324
274	8.2727513
275	8.2904045
276	8.3080069
277	8.3255437
278	8.3430296
279	8.3604501
280	8.3778194
281	8.3951236
282	8.4123764
283	8.4295643
284	8.4467008
285	8.4637727
286	8.4807933
287	8.4977494
288	8.5146543
289	8.5314951
290	8.5482847
291	8.5650108
292	8.5816856
293	8.5982973
294	8.614858
295	8.6313554
296	8.6478019
297	8.6641855
298	8.6805185
299	8.696789
300	8.7130091
301	8.729167
302	8.7452744
303	8.7613199
304	8.7773155
305	8.7932496
306	8.8091338
307	8.8249569
308	8.8407302
309	8.8564428
310	8.8721061
311	8.8877089
312	8.9032627
313	8.9187566
314	8.9342013
315	8.9495866
316	8.964923
317	8.9802004
318	8.9954292
319	9.0105994
320	9.0257212
321	9.040785
322	9.0558007
323	9.0707587
324	9.085669
325	9.1005224
326	9.1153279
327	9.130077
328	9.1447787
329	9.1594243
330	9.1740227
331	9.1885653
332	9.2030612
333	9.2175016
334	9.2318958
335	9.2462349
336	9.2605279
337	9.2747663
338	9.2889591
339	9.3030977
340	9.3171909
341	9.3312278
342	9.3452224
343	9.3591658
344	9.373062
345	9.3869074
346	9.4007062
347	9.414454
348	9.4281565
349	9.4418076
350	9.4554143
351	9.468971
352	9.4824823
353	9.4959446
354	9.5093611
355	9.5227287
356	9.5360517
357	9.5493255
358	9.5625559
359	9.5757369
360	9.5888754
361	9.6019648
362	9.6150121
363	9.6280103
364	9.6409671
365	9.6538751
366	9.6667421
367	9.6795607
368	9.6923387
369	9.7050687
370	9.7177584
371	9.7304005
372	9.7430027
373	9.7555593
374	9.7680741
375	9.7805438
376	9.7929723
377	9.8053556
378	9.8176987
379	9.8299978
380	9.8422558
381	9.8544703
382	9.8666439
383	9.878774
384	9.8908641
385	9.9029106
386	9.914918
387	9.9268828
388	9.9388078
389	9.9506903
390	9.9625337
391	9.9743344
392	9.9860968
393	9.9978176
394	10.009499
395	10.02114
396	10.032741
397	10.044302
398	10.055824
399	10.067306
400	10.078749
401	10.090152
402	10.101517
403	10.112842
404	10.124129
405	10.135375
406	10.146585
407	10.157756
408	10.168888
409	10.179982
410	10.191038
411	10.202055
412	10.213035
413	10.223976
414	10.234881
415	10.245747
416	10.256577
417	10.267368
418	10.278123
419	10.288839
420	10.299519
421	10.310161
422	10.320768
423	10.331336
424	10.341869
425	10.352364
426	10.362824
427	10.373246
428	10.383633
429	10.393982
430	10.404295
431	10.414571
432	10.424813
433	10.435017
434	10.445187
435	10.455319
436	10.465417
437	10.475477
438	10.485503
439	10.495492
440	10.505448
441	10.515366
442	10.525251
443	10.535099
444	10.544912
445	10.55469
446	10.564434
447	10.574142
448	10.583816
449	10.593455
450	10.60306
451	10.612629
452	10.622165
453	10.631666
454	10.641133
455	10.650565
456	10.659964
457	10.669328
458	10.67866
459	10.687957
460	10.697221
461	10.706451
462	10.715648
463	10.72481
464	10.733941
465	10.743037
466	10.752101
467	10.761131
468	10.77013
469	10.779094
470	10.788027
471	10.796926
472	10.805793
473	10.814628
474	10.82343
475	10.8322
476	10.840937
477	10.849643
478	10.858316
479	10.866958
480	10.875567
481	10.884144
482	10.892691
483	10.901205
484	10.909687
485	10.918138
486	10.926558
487	10.934946
488	10.943303
489	10.951629
490	10.959924
491	10.968188
492	10.976422
493	10.984624
494	10.992796
495	11.000937
496	11.009048
497	11.017128
498	11.025178
499	11.033198
500	11.041188
501	11.049148
502	11.057078
503	11.064978
504	11.072848
505	11.080689
506	11.0885
507	11.096282
508	11.104035
509	11.111758
510	11.119453
511	11.127118
512	11.134754
513	11.142361
514	11.14994
515	11.15749
516	11.165011
517	11.172504
518	11.179969
519	11.187405
520	11.194813
521	11.202193
522	11.209546
523	11.21687
524	11.224167
525	11.231435
526	11.238677
527	11.245891
528	11.253077
529	11.260237
530	11.267369
531	11.274474
532	11.281551
533	11.288602
534	11.295626
535	11.302623
536	11.309594
537	11.316538
538	11.323455
539	11.330346
540	11.33721
541	11.344048
542	11.35086
543	11.357646
544	11.364405
545	11.371139
546	11.377847
547	11.384528
548	11.391184
549	11.397815
550	11.40442
551	11.410999
552	11.417553
553	11.424081
554	11.430584
555	11.437062
556	11.443515
557	11.449943
558	11.456345
559	11.462723
560	11.469076
561	11.475404
562	11.481707
563	11.487986
564	11.494239
565	11.500469
566	11.506673
567	11.512854
568	11.51901
569	11.525141
570	11.531249
571	11.537332
572	11.543391
573	11.549426
574	11.555437
575	11.561424
576	11.567387
577	11.573326
578	11.579242
579	11.585134
580	11.591002
581	11.596847
582	11.602668
583	11.608466
584	11.61424
585	11.619992
586	11.625719
587	11.631424
588	11.637106
589	11.642764
590	11.6484
591	11.654012
592	11.659602
593	11.665169
594	11.670712
595	11.676234
596	11.681732
597	11.687208
598	11.692661
599	11.698092
600	11.7035
601	11.708886
602	11.714249
603	11.71959
604	11.724909
605	11.730205
606	11.73548
607	11.740732
608	11.745962
609	11.751169
610	11.756355
611	11.761519
612	11.766661
613	11.771781
614	11.77688
615	11.781956
616	11.787011
617	11.792044
618	11.797055
619	11.802045
620	11.807013
621	11.81196
622	11.816885
623	11.821789
624	11.826671
625	11.831532
626	11.836372
627	11.84119
628	11.845987
629	11.850763
630	11.855518
631	11.860252
632	11.864965
633	11.869657
634	11.874328
635	11.878977
636	11.883607
637	11.888215
638	11.892802
639	11.897369
640	11.901915
641	11.906441
642	11.910946
643	11.91543
644	11.919894
645	11.924338
646	11.928761
647	11.933164
648	11.937546
649	11.941908
650	11.946251
651	11.950572
652	11.954874
653	11.959156
654	11.963418
655	11.967659
656	11.971881
657	11.976083
658	11.980265
659	11.984428
660	11.98857
661	11.992693
662	11.996796
663	12.00088
664	12.004944
665	12.008989
666	12.013014
667	12.01702
668	12.021007
669	12.024974
670	12.028922
671	12.032851
672	12.036761
673	12.040652
674	12.044523
675	12.048376
676	12.05221
677	12.056025
678	12.059821
679	12.063598
680	12.067357
681	12.071097
682	12.074818
683	12.078521
684	12.082206
685	12.085872
686	12.08952
687	12.093149
688	12.09676
689	12.100353
690	12.103928
691	12.107485
692	12.111024
693	12.114545
694	12.118049
695	12.121534
696	12.125002
697	12.128452
698	12.131884
699	12.135299
700	12.138697
701	12.142077
702	12.14544
703	12.148785
704	12.152114
705	12.155425
706	12.158719
707	12.161996
708	12.165256
709	12.1685
710	12.171726
711	12.174936
712	12.178129
713	12.181306
714	12.184466
715	12.187609
716	12.190736
717	12.193847
718	12.196941
719	12.20002
720	12.203082
721	12.206128
722	12.209158
723	12.212172
724	12.215171
725	12.218154
726	12.22112
727	12.224072
728	12.227007
729	12.229928
730	12.232833
731	12.235722
732	12.238596
733	12.241455
734	12.244299
735	12.247128
736	12.249942
737	12.252741
738	12.255525
739	12.258295
740	12.26105
741	12.26379
742	12.266516
743	12.269227
744	12.271924
745	12.274606
746	12.277275
747	12.279929
748	12.282569
749	12.285196
750	12.287808
751	12.290406
752	12.292991
753	12.295562
754	12.298119
755	12.300663
756	12.303194
757	12.305711
758	12.308215
759	12.310705
760	12.313183
761	12.315647
762	12.318099
763	12.320538
764	12.322964
765	12.325377
766	12.327777
767	12.330165
768	12.332541
769	12.334904
770	12.337255
771	12.339594
772	12.341921
773	12.344235
774	12.346538
775	12.348828
776	12.351107
777	12.353375
778	12.35563
779	12.357874
780	12.360107
781	12.362328
782	12.364537
783	12.366736
784	12.368923
785	12.371099
786	12.373264
787	12.375419
788	12.377562
789	12.379694
790	12.381816
791	12.383927
792	12.386028
793	12.388118
794	12.390197
795	12.392267
796	12.394326
797	12.396374
798	12.398413
799	12.400442
800	12.40246
801	12.404469
802	12.406467
803	12.408456
804	12.410436
805	12.412405
806	12.414365
807	12.416316
808	12.418257
809	12.420189
810	12.422111
811	12.424024
812	12.425928
813	12.427823
814	12.429709
815	12.431585
816	12.433453
817	12.435312
818	12.437162
819	12.439004
820	12.440837
821	12.442661
822	12.444476
823	12.446284
824	12.448082
825	12.449873
826	12.451655
827	12.453429
828	12.455194
829	12.456952
830	12.458701
831	12.460443
832	12.462177
833	12.463902
834	12.46562
835	12.46733
836	12.469033
837	12.470728
838	12.472415
839	12.474095
840	12.475767
841	12.477432
842	12.47909
843	12.48074
844	12.482383
845	12.484019
846	12.485647
847	12.487269
848	12.488884
849	12.490491
850	12.492092
851	12.493686
852	12.495273
853	12.496853
854	12.498427
855	12.499994
856	12.501554
857	12.503108
858	12.504655
859	12.506196
860	12.50773
861	12.509258
862	12.51078
863	12.512295
864	12.513805
865	12.515308
866	12.516805
867	12.518296
868	12.519781
869	12.521259
870	12.522733
871	12.5242
872	12.525661
873	12.527117
874	12.528566
875	12.530011
876	12.531449
877	12.532882
878	12.534309
879	12.535731
880	12.537147
881	12.538558
882	12.539964
883	12.541364
884	12.542759
885	12.544149
886	12.545533
887	12.546912
888	12.548286
889	12.549655
890	12.551019
891	12.552378
892	12.553732
893	12.555081
894	12.556426
895	12.557765
896	12.559099
897	12.560429
898	12.561754
899	12.563074
900	12.56439
901	12.5657
902	12.567007
903	12.568308
904	12.569606
905	12.570898
906	12.572187
907	12.57347
908	12.57475
909	12.576025
910	12.577296
911	12.578562
912	12.579824
913	12.581082
914	12.582336
915	12.583586
916	12.584831
917	12.586073
918	12.58731
919	12.588544
920	12.589773
921	12.590998
922	12.59222
923	12.593438
924	12.594652
925	12.595862
926	12.597068
927	12.59827
928	12.599469
929	12.600664
930	12.601855
931	12.603043
932	12.604227
933	12.605407
934	12.606584
935	12.607757
936	12.608927
937	12.610094
938	12.611257
939	12.612416
940	12.613572
941	12.614725
942	12.615874
943	12.61702
944	12.618163
945	12.619302
946	12.620439
947	12.621572
948	12.622701
949	12.623828
950	12.624952
951	12.626072
952	12.627189
953	12.628303
954	12.629415
955	12.630523
956	12.631628
957	12.63273
958	12.633829
959	12.634926
960	12.636019
961	12.63711
962	12.638197
963	12.639282
964	12.640364
965	12.641443
966	12.64252
967	12.643593
968	12.644664
969	12.645733
970	12.646798
971	12.647861
972	12.648921
973	12.649979
974	12.651034
975	12.652086
976	12.653136
977	12.654183
978	12.655228
979	12.65627
980	12.65731
981	12.658347
982	12.659381
983	12.660414
984	12.661444
985	12.662471
986	12.663496
987	12.664519
988	12.665539
989	12.666557
990	12.667573
991	12.668586
992	12.669597
993	12.670605
994	12.671612
995	12.672616
996	12.673618
997	12.674618
998	12.675615
999	12.676611
1000	12.677604
1001	12.678595
1002	12.679583
1003	12.68057
1004	12.681555
1005	12.682537
1006	12.683517
1007	12.684496
1008	12.685472
1009	12.686446
1010	12.687418
1011	12.688388
1012	12.689356
1013	12.690322
1014	12.691286
1015	12.692248
1016	12.693208
1017	12.694166
1018	12.695122
1019	12.696076
1020	12.697028
1021	12.697979
1022	12.698927
1023	12.699873
1024	12.700818
1025	12.701761
1026	12.702701
1027	12.70364
1028	12.704578
1029	12.705513
1030	12.706446
1031	12.707378
1032	12.708308
1033	12.709236
1034	12.710162
1035	12.711087
1036	12.712009
1037	12.71293
1038	12.713849
1039	12.714767
1040	12.715682
1041	12.716596
1042	12.717509
1043	12.718419
1044	12.719328
1045	12.720235
1046	12.721141
1047	12.722045
1048	12.722947
1049	12.723847
1050	12.724746
1051	12.725643
1052	12.726539
1053	12.727432
1054	12.728325
1055	12.729215
1056	12.730104
1057	12.730992
1058	12.731878
1059	12.732762
1060	12.733645
1061	12.734526
1062	12.735405
1063	12.736283
1064	12.73716
1065	12.738035
1066	12.738908
1067	12.73978
1068	12.74065
1069	12.741519
1070	12.742386
1071	12.743252
1072	12.744116
1073	12.744979
1074	12.74584
1075	12.7467
1076	12.747558
1077	12.748415
1078	12.74927
1079	12.750124
1080	12.750976
1081	12.751827
1082	12.752677
1083	12.753525
1084	12.754371
1085	12.755216
1086	12.75606
1087	12.756902
1088	12.757743
1089	12.758583
1090	12.759421
1091	12.760257
1092	12.761093
1093	12.761926
1094	12.762759
1095	12.76359
1096	12.764419
1097	12.765248
1098	12.766075
1099	12.7669
1100	12.767724
1101	12.768547
1102	12.769369
1103	12.770189
1104	12.771008
1105	12.771825
1106	12.772641
1107	12.773456
1108	12.774269
1109	12.775081
1110	12.775892
1111	12.776701
1112	12.777509
1113	12.778316
1114	12.779122
1115	12.779926
1116	12.780729
1117	12.78153
1118	12.78233
1119	12.783129
1120	12.783927
1121	12.784723
1122	12.785519
1123	12.786312
1124	12.787105
1125	12.787896
1126	12.788686
1127	12.789475
1128	12.790263
1129	12.791049
1130	12.791834
1131	12.792617
1132	12.7934
1133	12.794181
1134	12.794961
1135	12.79574
1136	12.796517
1137	12.797294
1138	12.798069
1139	12.798843
1140	12.799615
1141	12.800387
1142	12.801157
1143	12.801926
1144	12.802694
1145	12.80346
1146	12.804226
1147	12.80499
1148	12.805753
1149	12.806515
1150	12.807275
1151	12.808035
1152	12.808793
1153	12.80955
1154	12.810306
1155	12.81106
1156	12.811814
1157	12.812566
1158	12.813318
1159	12.814068
1160	12.814817
1161	12.815564
1162	12.816311
1163	12.817056
1164	12.817801
1165	12.818544
1166	12.819286
1167	12.820027
1168	12.820766
1169	12.821505
1170	12.822243
1171	12.822979
1172	12.823714
1173	12.824448
1174	12.825181
1175	12.825913
1176	12.826644
1177	12.827374
1178	12.828102
1179	12.82883
1180	12.829556
1181	12.830282
1182	12.831006
1183	12.831729
1184	12.832451
1185	12.833172
1186	12.833892
1187	12.834611
1188	12.835328
1189	12.836045
1190	12.836761
1191	12.837475
1192	12.838189
1193	12.838901
1194	12.839612
1195	12.840323
1196	12.841032
1197	12.84174
1198	12.842447
1199	12.843154
1200	12.843859
1201	12.844563
1202	12.845266
1203	12.845968
1204	12.846669
1205	12.847369
1206	12.848068
1207	12.848766
1208	12.849463
1209	12.850159
1210	12.850854
1211	12.851548
1212	12.852241
1213	12.852933
1214	12.853624
1215	12.854314
1216	12.855003
1217	12.855691
1218	12.856378
1219	12.857064
1220	12.857749
1221	12.858433
1222	12.859116
1223	12.859798
1224	12.860479
1225	12.86116
1226	12.861839
1227	12.862517
1228	12.863195
1229	12.863871
1230	12.864547
1231	12.865221
1232	12.865895
1233	12.866568
1234	12.86724
1235	12.867911
1236	12.86858
1237	12.86925
1238	12.869918
1239	12.870585
1240	12.871251
1241	12.871917
1242	12.872581
1243	12.873245
1244	12.873907
1245	12.874569
1246	12.87523
1247	12.87589
1248	12.876549
1249	12.877208
1250	12.877865
1251	12.878521
1252	12.879177
1253	12.879832
1254	12.880486
1255	12.881139
1256	12.881791
1257	12.882442
1258	12.883093
1259	12.883742
1260	12.884391
1261	12.885039
1262	12.885686
1263	12.886332
1264	12.886978
1265	12.887622
1266	12.888266
1267	12.888909
1268	12.889551
1269	12.890192
1270	12.890832
1271	12.891472
1272	12.892111
1273	12.892749
1274	12.893386
1275	12.894022
1276	12.894658
1277	12.895293
1278	12.895927
1279	12.89656
1280	12.897192
1281	12.897824
1282	12.898455
1283	12.899085
1284	12.899714
1285	12.900342
1286	12.90097
1287	12.901597
1288	12.902223
1289	12.902849
1290	12.903473
1291	12.904097
1292	12.90472
1293	12.905343
1294	12.905964
1295	12.906585
1296	12.907205
1297	12.907825
1298	12.908444
1299	12.909061
1300	12.909679
1301	12.910295
1302	12.910911
1303	12.911526
1304	12.91214
1305	12.912754
1306	12.913367
1307	12.913979
1308	12.91459
1309	12.915201
1310	12.915811
1311	12.91642
1312	12.917029
1313	12.917637
1314	12.918244
1315	12.918851
1316	12.919457
1317	12.920062
1318	12.920666
1319	12.92127
1320	12.921873
1321	12.922476
1322	12.923078
1323	12.923679
1324	12.924279
1325	12.924879
1326	12.925478
1327	12.926077
1328	12.926675
1329	12.927272
1330	12.927868
1331	12.928464
1332	12.929059
1333	12.929654
1334	12.930248
1335	12.930841
1336	12.931434
1337	12.932026
1338	12.932618
1339	12.933208
1340	12.933799
1341	12.934388
1342	12.934977
1343	12.935566
1344	12.936153
1345	12.936741
1346	12.937327
1347	12.937913
1348	12.938498
1349	12.939083
1350	12.939667
1351	12.940251
1352	12.940834
1353	12.941416
1354	12.941998
1355	12.942579
1356	12.94316
1357	12.94374
1358	12.944319
1359	12.944898
1360	12.945476
1361	12.946054
1362	12.946631
1363	12.947208
1364	12.947784
1365	12.948359
1366	12.948934
1367	12.949509
1368	12.950083
1369	12.950656
1370	12.951229
1371	12.951801
1372	12.952373
1373	12.952944
1374	12.953514
1375	12.954084
1376	12.954654
1377	12.955223
1378	12.955791
1379	12.956359
1380	12.956927
1381	12.957493
1382	12.95806
1383	12.958626
1384	12.959191
1385	12.959756
1386	12.96032
1387	12.960884
1388	12.961447
1389	12.96201
1390	12.962572
1391	12.963134
1392	12.963696
1393	12.964256
1394	12.964817
1395	12.965377
1396	12.965936
1397	12.966495
1398	12.967053
1399	12.967611
1400	12.968168
1401	12.968725
1402	12.969282
1403	12.969838
1404	12.970393
1405	12.970948
1406	12.971503
1407	12.972057
1408	12.972611
1409	12.973164
1410	12.973717
1411	12.974269
1412	12.974821
1413	12.975372
1414	12.975923
1415	12.976474
1416	12.977024
1417	12.977573
1418	12.978123
1419	12.978671
1420	12.97922
1421	12.979768
1422	12.980315
1423	12.980862
1424	12.981408
1425	12.981955
1426	12.9825
1427	12.983046
1428	12.98359
1429	12.984135
1430	12.984679
1431	12.985222
1432	12.985766
1433	12.986308
1434	12.986851
1435	12.987393
1436	12.987934
1437	12.988475
1438	12.989016
1439	12.989556
1440	12.990096
1441	12.990636
1442	12.991175
1443	12.991713
1444	12.992252
1445	12.99279
1446	12.993327
1447	12.993864
1448	12.994401
1449	12.994938
1450	12.995474
1451	12.996009
1452	12.996544
1453	12.997079
1454	12.997614
1455	12.998148
1456	12.998681
1457	12.999215
1458	12.999748
1459	13.00028
1460	13.000813
1461	13.001344
1462	13.001876
1463	13.002407
1464	13.002938
1465	13.003468
1466	13.003998
1467	13.004528
1468	13.005057
1469	13.005586
1470	13.006115
1471	13.006643
1472	13.007171
1473	13.007699
1474	13.008226
1475	13.008753
1476	13.009279
1477	13.009806
1478	13.010331
1479	13.010857
1480	13.011382
1481	13.011907
1482	13.012431
1483	13.012956
1484	13.013479
1485	13.014003
1486	13.014526
1487	13.015049
1488	13.015571
1489	13.016094
1490	13.016615
1491	13.017137
1492	13.017658
1493	13.018179
1494	13.0187
1495	13.01922
1496	13.01974
1497	13.020259
1498	13.020779
1499	13.021298
1500	13.021816
1501	13.022335
1502	13.022853
1503	13.023371
1504	13.023888
1505	13.024405
1506	13.024922
1507	13.025438
1508	13.025955
1509	13.026471
1510	13.026986
1511	13.027502
1512	13.028017
1513	13.028531
1514	13.029046
1515	13.02956
1516	13.030074
1517	13.030587
1518	13.0311
1519	13.031613
1520	13.032126
1521	13.032638
1522	13.033151
1523	13.033662
1524	13.034174
1525	13.034685
1526	13.035196
1527	13.035707
1528	13.036217
1529	13.036727
1530	13.037237
1531	13.037747
1532	13.038256
1533	13.038765
1534	13.039274
1535	13.039782
1536	13.04029
1537	13.040798
1538	13.041306
1539	13.041813
1540	13.04232
1541	13.042827
1542	13.043334
1543	13.04384
1544	13.044346
1545	13.044852
1546	13.045357
1547	13.045862
1548	13.046367
1549	13.046872
1550	13.047376
1551	13.047881
1552	13.048385
1553	13.048888
1554	13.049392
1555	13.049895
1556	13.050398
1557	13.0509
1558	13.051403
1559	13.051905
1560	13.052407
1561	13.052908
1562	13.05341
1563	13.053911
1564	13.054412
1565	13.054912
1566	13.055413
1567	13.055913
1568	13.056413
1569	13.056912
1570	13.057412
1571	13.057911
1572	13.05841
1573	13.058908
1574	13.059407
1575	13.059905
1576	13.060403
1577	13.060901
1578	13.061398
1579	13.061895
1580	13.062392
1581	13.062889
1582	13.063385
1583	13.063882
1584	13.064378
1585	13.064874
1586	13.065369
1587	13.065864
