1	0.11854691
2	0.077523686
3	0.085675166
4	0.074184011
5	0.076274608
6	0.070105578
7	0.070023957
8	0.066177135
9	0.065305703
10	0.062862622
11	0.061769346
12	0.060142376
13	0.058892251
14	0.057534211
15	0.056484468
16	0.055380401
17	0.054428543
18	0.053471991
19	0.052602384
20	0.051764017
21	0.050982311
22	0.050240686
23	0.049738606
24	0.049062667
25	0.048423429
26	0.04780795
27	0.047227067
28	0.04665379
29	0.046135301
30	0.045609295
31	0.04512362
32	0.044635128
33	0.04418458
34	0.04373417
35	0.043313422
36	0.042917609
37	0.042522833
38	0.042156386
39	0.041785611
40	0.041443052
41	0.041103101
42	0.040783622
43	0.040452726
44	0.040141067
45	0.039833175
46	0.039541225
47	0.039262039
48	0.038990851
49	0.038707445
50	0.038430524
51	0.038163529
52	0.037899367
53	0.037650764
54	0.037395424
55	0.037159314
56	0.036908496
57	0.036691772
58	0.036466786
59	0.036254396
60	0.036029842
61	0.035825441
62	0.035609946
63	0.035413554
64	0.03520193
65	0.035012924
66	0.03480762
67	0.034621851
68	0.03440815
69	0.034237979
70	0.03404653
71	0.033882105
72	0.033689
73	0.033522035
74	0.033320139
75	0.033165274
76	0.032991807
77	0.032840803
78	0.032649956
79	0.032500218
80	0.032342996
81	0.032194533
82	0.032006325
83	0.031875711
84	0.031693829
85	0.031564193
86	0.031417154
87	0.031287354
88	0.03113525
89	0.031002245
90	0.030846506
91	0.030723983
92	0.030587424
93	0.030462402
94	0.030335006
95	0.030211478
96	0.030070248
97	0.029956191
98	0.029929528
99	0.02971435
100	0.029599684
101	0.029486782
102	0.02945928
103	0.029365123
104	0.029263072
105	0.029046824
106	0.029011646
107	0.02891721
108	0.028820378
109	0.028730489
110	0.028615764
111	0.02851955
112	0.028412943
113	0.028317909
114	0.028215974
115	0.028122025
116	0.028027861
117	0.027935592
118	0.027827558
119	0.027738179
120	0.027655671
121	0.027569075
122	0.027481418
123	0.027394376
124	0.027302155
125	0.02721299
126	0.027136896
127	0.027055146
128	0.026972242
129	0.026889307
130	0.026807252
131	0.026718999
132	0.026647
133	0.026560853
134	0.026488481
135	0.026407435
136	0.026335741
137	0.026144773
138	0.026200929
139	0.026118761
140	0.026041755
141	0.025966053
142	0.025898388
143	0.025824676
144	0.025763861
145	0.025695081
146	0.025618656
147	0.025544824
148	0.025480495
149	0.025406056
150	0.02534388
151	0.025271332
152	0.025208693
153	0.025138021
154	0.025074905
155	0.025002456
156	0.024945379
157	0.024873499
158	0.024815077
159	0.024744692
160	0.02468727
161	0.02461201
162	0.024559282
163	0.024490438
164	0.024433813
165	0.024362211
166	0.024308675
167	0.024239227
168	0.024183264
169	0.024112005
170	0.024059911
171	0.023989456
172	0.023939308
173	0.023866885
174	0.023815693
175	0.023742864
176	0.023693696
177	0.023619193
178	0.023567265
179	0.023509209
180	0.023462431
181	0.023385936
182	0.023332691
183	0.023275049
184	0.023213595
185	0.023160226
186	0.023115033
187	0.023014036
188	0.02297507
189	0.022926148
190	0.022875807
191	0.022803001
192	0.022746734
193	0.022702097
194	0.022654361
195	0.022579661
196	0.022523921
197	0.022474005
198	0.022403631
199	0.022344616
200	0.022293087
201	0.022160944
202	0.022171621
203	0.02210434
204	0.022054266
205	0.021983674
206	0.021937698
207	0.02186689
208	0.021817038
209	0.021743985
210	0.021694643
211	0.021622218
212	0.021570846
213	0.021503682
214	0.021437408
215	0.021381791
216	0.02133434
217	0.021266703
218	0.021190773
219	0.021145396
220	0.021062393
221	0.021008804
222	0.021001226
223	0.02073894
224	0.020897355
225	0.020780254
226	0.020711202
227	0.020642484
228	0.02059897
229	0.020531672
230	0.020460698
231	0.020400361
232	0.020350513
233	0.020284853
234	0.020211086
235	0.020156736
236	0.020093605
237	0.020032126
238	0.019985567
239	0.019915696
240	0.019846998
241	0.019788119
242	0.019728436
243	0.019653656
244	0.019613826
245	0.019536326
246	0.019494686
247	0.019417972
248	0.019375435
249	0.019301311
250	0.019256566
251	0.019181691
252	0.019139407
253	0.019063543
254	0.019021982
255	0.018948329
256	0.018894415
257	0.018844976
258	0.018798928
259	0.018729683
260	0.018663917
261	0.018613521
262	0.018544307
263	0.018496132
264	0.018449741
265	0.018374653
266	0.018315793
267	0.018257406
268	0.018204777
269	0.018128116
270	0.018092082
271	0.018008991
272	0.017974536
273	0.017893914
274	0.017856939
275	0.017776702
276	0.017740208
277	0.017660102
278	0.017623188
279	0.017542819
280	0.01750534
281	0.01742618
282	0.017388002
283	0.0173112
284	0.017270283
285	0.017195153
286	0.017154193
287	0.017080588
288	0.017038246
289	0.016963757
290	0.016922779
291	0.016849529
292	0.016806892
293	0.016736946
294	0.016691713
295	0.016621361
296	0.016577047
297	0.01650774
298	0.016462895
299	0.016393859
300	0.016349598
301	0.016279668
302	0.016235987
303	0.016167518
304	0.016122713
305	0.01605208
306	0.016010235
307	0.015941388
308	0.015897065
309	0.01582972
310	0.015785291
311	0.015719781
312	0.015674661
313	0.015606244
314	0.015564161
315	0.015497853
316	0.015453439
317	0.01538703
318	0.015344275
319	0.015279294
320	0.015235704
321	0.015171593
322	0.015131231
323	0.015064176
324	0.015023488
325	0.014959379
326	0.014915972
327	0.014853915
328	0.014811869
329	0.014748094
330	0.014707924
331	0.014645755
332	0.014604379
333	0.014542041
334	0.01450224
335	0.014440375
336	0.014400151
337	0.01433983
338	0.014299492
339	0.014240159
340	0.014206853
341	0.014138528
342	0.014100889
343	0.01405309
344	0.014011559
345	0.013957445
346	0.013900958
347	0.013855924
348	0.013810507
349	0.013749556
350	0.013713888
351	0.013668031
352	0.013576467
353	0.013570224
354	0.013476154
355	0.01342811
356	0.013431094
357	0.013375775
358	0.01329542
359	0.013281977
360	0.013201479
361	0.013193313
362	0.013108564
363	0.013100042
364	0.013018257
365	0.01300881
366	0.012928103
367	0.012919362
368	0.012838974
369	0.012832541
370	0.012750464
371	0.012744866
372	0.01265816
373	0.012617305
374	0.012580062
375	0.012529433
376	0.012486123
377	0.012443684
378	0.012400065
379	0.012362357
380	0.012325713
381	0.012273795
382	0.012234852
383	0.012194882
384	0.012150967
385	0.012104313
386	0.012068349
387	0.012029917
388	0.011995217
389	0.011945374
390	0.011904986
391	0.011862171
392	0.011822819
393	0.011786743
394	0.011754351
395	0.011702517
396	0.011666425
397	0.011620687
398	0.011585999
399	0.011546788
400	0.011515867
401	0.011467298
402	0.011434886
403	0.011388981
404	0.011353333
405	0.011304093
406	0.01127557
407	0.011240224
408	0.011210002
409	0.011157272
410	0.01112628
411	0.011078649
412	0.011045581
413	0.011011573
414	0.010983303
415	0.010930776
416	0.010902578
417	0.010851663
418	0.010825743
419	0.01077392
420	0.01075306
421	0.01070065
422	0.010678758
423	0.010625822
424	0.010599937
425	0.01056659
426	0.010537998
427	0.010494805
428	0.01046296
429	0.01041224
430	0.010383195
431	0.010332872
432	0.010308316
433	0.010275106
434	0.010246535
435	0.010198026
436	0.010168687
437	0.010119355
438	0.01009401
439	0.010043996
440	0.010020522
441	0.0099882778
442	0.0099593798
443	0.0099114369
444	0.0098824257
445	0.0098355719
446	0.0098071439
447	0.0097743318
448	0.0097456504
449	0.0096997572
450	0.0096723399
451	0.0096250283
452	0.009597896
453	0.0095652718
454	0.00953623
455	0.0094904808
456	0.0094645648
457	0.0094181578
458	0.0093927479
459	0.0093603088
460	0.0093307054
461	0.0092859221
462	0.0092601672
463	0.0092147803
464	0.0091895546
465	0.0091580898
466	0.0091279733
467	0.0090833416
468	0.0090578422
469	0.0090151126
470	0.0089899732
471	0.0089595412
472	0.0089288204
473	0.0088888755
474	0.00886102
475	0.0088228909
476	0.0087920597
477	0.008764403
478	0.0087339057
479	0.0086913652
480	0.0086634305
481	0.0086266021
482	0.0085983337
483	0.0085706285
484	0.0085400072
485	0.0084997964
486	0.0084721079
487	0.0084368348
488	0.0084072735
489	0.0083816686
490	0.0083508162
491	0.0083128764
492	0.0082842557
493	0.0082502017
494	0.0082188616
495	0.0081945433
496	0.0081645813
497	0.0081245506
498	0.00809722
499	0.0080635629
500	0.0080352314
501	0.008010552
502	0.0079810211
503	0.0079443141
504	0.0079171649
505	0.0078844586
506	0.0078550369
507	0.0078311614
508	0.0078021034
509	0.007764813
510	0.0077379029
511	0.0077064983
512	0.0076786017
513	0.0076542136
514	0.0076255632
515	0.0075929526
516	0.0075653879
517	0.0075353864
518	0.007506349
519	0.007481619
520	0.0074597172
521	0.0074220442
522	0.0073942331
523	0.0073652521
524	0.0073364709
525	0.0073119964
526	0.0072906904
527	0.0072566468
528	0.0072345849
529	0.007200093
530	0.0071715533
531	0.0071469235
532	0.0071263642
533	0.00709295
534	0.0070660118
535	0.007036762
536	0.0070086412
537	0.0069844654
538	0.0069652192
539	0.006931637
540	0.0069055114
541	0.0068769282
542	0.0068500384
543	0.0068317915
544	0.0068085777
545	0.0067828089
546	0.0067568529
547	0.0067279443
548	0.0066954829
549	0.0066764228
550	0.0066539117
551	0.0066278977
552	0.006602119
553	0.0065742601
554	0.0065410848
555	0.0065243593
556	0.0065022856
557	0.0064756996
558	0.0064499265
559	0.0064231965
560	0.0063903241
561	0.0063746676
562	0.0063532554
563	0.0063272737
564	0.0063022564
565	0.0062765917
566	0.0062426677
567	0.0062263947
568	0.0062058555
569	0.0061787316
570	0.0061530732
571	0.0061306396
572	0.0060959131
573	0.0060813236
574	0.0060612565
575	0.0060345871
576	0.006008887
577	0.0059896032
578	0.0059522815
579	0.0059373659
580	0.0059181901
581	0.005892627
582	0.0058663457
583	0.0058495478
584	0.0058110352
585	0.0057971033
586	0.0057787382
587	0.0057539615
588	0.0057276669
589	0.0057119397
590	0.0056723824
591	0.0056590591
592	0.0056180648
593	0.0056168986
594	0.0055927721
595	0.0055505006
596	0.0055352104
597	0.0055227504
598	0.0054819612
599	0.0054807716
600	0.0054554056
601	0.0054140374
602	0.0054002728
603	0.0053677053
604	0.0053468122
605	0.0053456926
606	0.0053208451
607	0.0052798918
608	0.0052672834
609	0.005235003
610	0.0052139727
611	0.0052110761
612	0.005186895
613	0.0051468452
614	0.0051366358
615	0.0051035395
616	0.0050824822
617	0.005079817
618	0.0050580789
619	0.0050162919
620	0.0050054311
621	0.0049730011
622	0.0049524745
623	0.0049489412
624	0.0049276843
625	0.0048870076
626	0.0048796426
627	0.0048458547
628	0.0048252269
629	0.0048207974
630	0.0047996755
631	0.0047588759
632	0.0047533716
633	0.0047204822
634	0.0046985002
635	0.0046937125
636	0.0046735939
637	0.0046329312
638	0.0046293823
639	0.0045947316
640	0.0045730549
641	0.0045662851
642	0.0045453822
643	0.0045272414
644	0.0045047907
645	0.0044690998
646	0.0044491149
647	0.0044432993
648	0.0044231121
649	0.0044048745
650	0.0043832066
651	0.00434672
652	0.0043287956
653	0.0043225233
654	0.0043028548
655	0.0042652019
656	0.0042462466
657	0.0042264584
658	0.0042069959
659	0.0042043069
660	0.0041653914
661	0.0041471795
662	0.0041281119
663	0.004107663
664	0.004088937
665	0.0040671922
666	0.004047664
667	0.004030259
668	0.0040114157
669	0.0039913359
670	0.0039729413
671	0.003950928
672	0.0039319989
673	0.0039154271
674	0.0038967359
675	0.0038769716
676	0.0038577755
677	0.0038367035
678	0.0038180205
679	0.0038021761
680	0.0037837298
681	0.0037644744
682	0.003745537
683	0.0037247365
684	0.0037061887
685	0.0036907336
686	0.0036726359
687	0.0036544534
688	0.0036353498
689	0.0036152015
690	0.0035965241
691	0.0035814044
692	0.0035640634
693	0.0035472903
694	0.0035278254
695	0.0035073209
696	0.0034891917
697	0.0034780955
698	0.0034570203
699	0.0034446317
700	0.0034258942
701	0.0034014891
702	0.0033839064
703	0.0033692953
704	0.0033516555
705	0.0033375118
706	0.0033191459
707	0.0032986864
708	0.0032825403
709	0.0032694367
710	0.0032507767
711	0.0032373435
712	0.0032205062
713	0.0031979925
714	0.0031823882
715	0.0031696816
716	0.0031507812
717	0.0031376947
718	0.0031215169
719	0.0031001869
720	0.0030852593
721	0.0030720738
722	0.0030539499
723	0.0030416776
724	0.003026069
725	0.0030045798
726	0.0029899442
727	0.0029760636
728	0.0029596586
729	0.0029483021
730	0.0029327913
731	0.0029114531
732	0.0028972031
733	0.0028834299
734	0.0028680293
735	0.0028570096
736	0.0028417986
737	0.0028210523
738	0.0028072992
739	0.0027935081
740	0.0027791661
741	0.0027685916
742	0.0027536853
743	0.0027334465
744	0.0027194377
745	0.0027063255
746	0.0026926908
747	0.0026820406
748	0.0026672907
749	0.0026483518
750	0.00263515
751	0.0026222254
752	0.0026091885
753	0.0025887118
754	0.0025835188
755	0.0025661215
756	0.0025527251
757	0.0025405462
758	0.0025278082
759	0.0025076051
760	0.0025021107
761	0.0024863041
762	0.0024738562
763	0.0024619783
764	0.0024495021
765	0.0024303555
766	0.0024254575
767	0.0024093004
768	0.0023969979
769	0.0023860892
770	0.0023738689
771	0.0023549812
772	0.0023498911
773	0.0023351646
774	0.0023232976
775	0.002312768
776	0.0023014122
777	0.0022837057
778	0.0022790993
779	0.0022638125
780	0.0022523201
781	0.0022425408
782	0.0022315385
783	0.0022129179
784	0.0022086461
785	0.0021952349
786	0.0021844254
787	0.0021749528
788	0.0021641988
789	0.0021473286
790	0.0021427664
791	0.0021295319
792	0.002118661
793	0.0021097546
794	0.0020995041
795	0.0020833695
796	0.0020791792
797	0.0020663991
798	0.0020572232
799	0.0020482714
800	0.0020378523
801	0.0020226568
802	0.0020189962
803	0.0020057313
804	0.0019974752
805	0.0019890292
806	0.0019788598
807	0.0019645529
808	0.0019612018
809	0.0019487756
810	0.0019394931
811	0.0019324963
812	0.0019221331
813	0.0019082856
814	0.0019050552
815	0.0018937541
816	0.0018852606
817	0.0018718994
818	0.0018686344
819	0.0018607009
820	0.0018518246
821	0.0018419886
822	0.0018335263
823	0.0018248025
824	0.0018096064
825	0.0018027524
826	0.0018007387
827	0.0017911126
828	0.0017837365
829	0.0017718573
830	0.0017604143
831	0.0017572223
832	0.0017467458
833	0.0017433319
834	0.0017354689
835	0.0017244111
836	0.0017135394
837	0.001711202
838	0.0017018769
839	0.0016888589
840	0.0016821596
841	0.0016807742
842	0.0016701695
843	0.0016674064
844	0.0016583212
845	0.0016450934
846	0.0016389311
847	0.0016381853
848	0.0016283159
849	0.0016242288
850	0.0016153521
851	0.0016038272
852	0.0015975775
853	0.0015942307
854	0.0015866647
855	0.0015802574
856	0.0015734099
857	0.0015700924
858	0.0015609404
859	0.0015536009
860	0.0015466184
861	0.0015443101
862	0.0015349435
863	0.0015273578
864	0.0015230131
865	0.001513002
866	0.0015090256
867	0.0015020986
868	0.001497856
869	0.0014912821
870	0.0014866674
871	0.0014773042
872	0.0014713963
873	0.001469054
874	0.0014624758
875	0.0014561092
876	0.0014509208
877	0.00144744
878	0.0014392033
879	0.0014311441
880	0.0014256351
881	0.0014248406
882	0.0014173963
883	0.0014110715
884	0.0014072863
885	0.0013987285
886	0.0013930579
887	0.0013925343
888	0.0013854411
889	0.0013791028
890	0.0013758067
891	0.0013680159
892	0.0013623248
893	0.001360449
894	0.0013550154
895	0.0013519062
896	0.00134583
897	0.0013380565
898	0.001333419
899	0.0013331416
900	0.0013267392
901	0.0013226737
902	0.0013194725
903	0.0013097551
904	0.0013053165
905	0.0013050914
906	0.0012989451
907	0.0012946195
908	0.0012919756
909	0.0012825388
910	0.0012791044
911	0.0012782386
912	0.0012728823
913	0.0012676633
914	0.0012657874
915	0.0012575023
916	0.0012553659
917	0.0012506105
918	0.0012477147
919	0.0012463791
920	0.0012414258
921	0.001232886
922	0.0012309888
923	0.0012287422
924	0.0012252343
925	0.0012208314
926	0.0012152865
927	0.0012097353
928	0.0012078012
929	0.0012054607
930	0.0012021479
931	0.0011946664
932	0.001192627
933	0.0011870719
934	0.0011883436
935	0.0011808107
936	0.0011798413
937	0.00117591
938	0.0011744857
939	0.0011668705
940	0.00116498
941	0.0011628686
942	0.0011589919
943	0.0011562563
944	0.0011516914
945	0.0011469423
946	0.0011440342
947	0.0011405083
948	0.0011391811
949	0.0011355672
950	0.0011345007
951	0.001126849
952	0.0011255496
953	0.0011215984
954	0.0011202304
955	0.0011168337
956	0.0011160666
957	0.0011087684
958	0.0011070246
959	0.0011038556
960	0.0011024979
961	0.0010997516
962	0.0010990292
963	0.0010962374
964	0.0010905481
965	0.0010869301
966	0.0010854869
967	0.0010833215
968	0.0010793693
969	0.0010743514
970	0.0010727221
971	0.0010703293
972	0.0010687667
973	0.0010669017
974	0.0010633191
975	0.0010585005
976	0.0010568213
977	0.0010546121
978	0.0010538386
979	0.001053116
980	0.0010481729
981	0.0010431676
982	0.001041493
983	0.0010389737
984	0.0010389783
985	0.0010337694
986	0.0010334569
987	0.0010333308
988	0.0010269397
989	0.0010250185
990	0.0010243625
991	0.0010238836
992	0.0010191936
993	0.00101918
994	0.0010126157
995	0.0010143744
996	0.001010917
997	0.0010096698
998	0.0010062176
999	0.0010056575
1000	0.0010010735
1001	0.00099673036
1002	0.0009947897
1003	0.00099358017
1004	0.00099180852
1005	0.00099194172
1006	0.00098848916
1007	0.00098356882
1008	0.00098196771
1009	0.00098125695
1010	0.00098067133
1011	0.00097778984
1012	0.00097617941
1013	0.00097118575
1014	0.00096975192
1015	0.00097080911
1016	0.0009685526
1017	0.00096593364
1018	0.00096437792
1019	0.00095941429
1020	0.00095776273
1021	0.00095844858
1022	0.00095605697
1023	0.00095484961
1024	0.00095330177
1025	0.00094793705
1026	0.00094632787
1027	0.00094743756
1028	0.00094460076
1029	0.00094332274
1030	0.00094145648
1031	0.00093674172
1032	0.00093505679
1033	0.00093672601
1034	0.00093375325
1035	0.00093250689
1036	0.00093052482
1037	0.00092612485
1038	0.00092418709
1039	0.00092563804
1040	0.00092412818
1041	0.00091993908
1042	0.00092067894
1043	0.00091827534
1044	0.00091560382
1045	0.00091239996
1046	0.00091050788
1047	0.0009127661
1048	0.00091005227
1049	0.00090994613
1050	0.00090620556
1051	0.00090269668
1052	0.00090486874
1053	0.00090145836
1054	0.00090001648
1055	0.0008998987
1056	0.00089815696
1057	0.00089652269
1058	0.00089362565
1059	0.00088976977
1060	0.00089052242
1061	0.00089024686
1062	0.0008873825
1063	0.00088714552
1064	0.00088398992
1065	0.00088037445
1066	0.00088086484
1067	0.00087733407
1068	0.00087775649
1069	0.00087432357
1070	0.00087469424
1071	0.00087158536
1072	0.00087066459
1073	0.0008700761
1074	0.00086816867
1075	0.00086883043
1076	0.00086334113
1077	0.00086352694
1078	0.00086313655
1079	0.00086124207
1080	0.00085966347
1081	0.00085707536
1082	0.00085493199
1083	0.00085470751
1084	0.00085388762
1085	0.00085281181
1086	0.00085087771
1087	0.00085084812
1088	0.00084601038
1089	0.00084651574
1090	0.0008445192
1091	0.00084425673
1092	0.00084211489
1093	0.0008419633
1094	0.0008375957
1095	0.0008395726
1096	0.00083669736
1097	0.00083411575
1098	0.00083428805
1099	0.0008335632
1100	0.00083115494
1101	0.00082918418
1102	0.00082704936
1103	0.00082635634
1104	0.00082510334
1105	0.00082494029
1106	0.00082261002
1107	0.00082291369
1108	0.0008186144
1109	0.0008177308
1110	0.00081788878
1111	0.00081736453
1112	0.00081524483
1113	0.00081458768
1114	0.00081375337
1115	0.00081227029
1116	0.0008091751
1117	0.00080915811
1118	0.00080706606
1119	0.00080714304
1120	0.00080572156
1121	0.00080188446
1122	0.00080147123
1123	0.00080187196
1124	0.00079975431
1125	0.00079877146
1126	0.00079720647
1127	0.00079574225
1128	0.00079409443
1129	0.00079444573
1130	0.00079152133
1131	0.00079078147
1132	0.00078969197
1133	0.00078910999
1134	0.00078625954
1135	0.0007860469
1136	0.00078459864
1137	0.00078346628
1138	0.00078195264
1139	0.00078114711
1140	0.0007777962
1141	0.00077792791
1142	0.00077657901
1143	0.00077522327
1144	0.00077386352
1145	0.00077408062
1146	0.00077174401
1147	0.00077025293
1148	0.00077061955
1149	0.00076784047
1150	0.0007655007
1151	0.0007664041
1152	0.00076551192
1153	0.00076462411
1154	0.00076079587
1155	0.00076130804
1156	0.00076123149
1157	0.00075825117
1158	0.00075610889
1159	0.00075564651
1160	0.00075532348
1161	0.0007539004
1162	0.00075269772
1163	0.00075121092
1164	0.00075204123
1165	0.00075038575
1166	0.00074792466
1167	0.00074796789
1168	0.00074744918
1169	0.00074282086
1170	0.0007419782
1171	0.00074371177
1172	0.00074139892
1173	0.00074105826
1174	0.00074000564
1175	0.00073783895
1176	0.0007367505
1177	0.00073544917
1178	0.00073318884
1179	0.00073399718
1180	0.00073321083
1181	0.00073172444
1182	0.00073021839
1183	0.00072882519
1184	0.00072657495
1185	0.00072807829
1186	0.00072701282
1187	0.00072360681
1188	0.00072339481
1189	0.00072339053
1190	0.00072120479
1191	0.00071901222
1192	0.00071778142
1193	0.00071762744
1194	0.0007176307
1195	0.00071674747
1196	0.00071653943
1197	0.00071563387
1198	0.00071223385
1199	0.00071347154
1200	0.00071083381
1201	0.00070870262
1202	0.00071020556
1203	0.00070718866
1204	0.00070662853
1205	0.00070721915
1206	0.00070631034
1207	0.00070487482
1208	0.00070121522
1209	0.00070275828
1210	0.00070160908
1211	0.0007001854
1212	0.00069999212
1213	0.00069768096
1214	0.00069795735
1215	0.0006972335
1216	0.00069567062
1217	0.00069453508
1218	0.00069177892
1219	0.00069178639
1220	0.00069063161
1221	0.00069070215
1222	0.00069006425
1223	0.00068876285
1224	0.00068597417
1225	0.00068745327
1226	0.00068506635
1227	0.00068441901
1228	0.00068424586
1229	0.00068100326
1230	0.00068264828
1231	0.00068114516
1232	0.00067895747
1233	0.00067863351
1234	0.00067769388
1235	0.0006757395
1236	0.00067669617
1237	0.00067550115
1238	0.00067514284
1239	0.00067352221
1240	0.00067185769
1241	0.00067148573
1242	0.00067132812
1243	0.00067035063
1244	0.00066756927
1245	0.00066721445
1246	0.00066714662
1247	0.00066657891
1248	0.00066488069
1249	0.00066271791
1250	0.00066364673
1251	0.0006619811
1252	0.00066190093
1253	0.00066065439
1254	0.00066042601
1255	0.0006587343
1256	0.00065732354
1257	0.00065761501
1258	0.00065536845
1259	0.0006540603
1260	0.00065253819
1261	0.00065430277
1262	0.00065256501
1263	0.00065059415
1264	0.00065209362
1265	0.00065137662
1266	0.00064858744
1267	0.00064626249
1268	0.00064783982
1269	0.00064515173
1270	0.00064571693
1271	0.00064398485
1272	0.00064362181
1273	0.00064402456
1274	0.00064303058
1275	0.00064205367
1276	0.00064074619
1277	0.0006405582
1278	0.00063976208
1279	0.00063750615
1280	0.0006365125
1281	0.00063733277
1282	0.00063610427
1283	0.00063537466
1284	0.00063462474
1285	0.00063441143
1286	0.00063378553
1287	0.00063242357
1288	0.00063195285
1289	0.00063050056
1290	0.00062947746
1291	0.000630068
1292	0.00062800034
1293	0.0006290406
1294	0.00062669115
1295	0.00062685279
1296	0.00062662811
1297	0.00062413768
1298	0.00062452398
1299	0.00062327074
1300	0.00062374063
1301	0.0006200812
1302	0.0006213976
1303	0.00062131871
1304	0.00061949661
1305	0.00061912403
1306	0.00061850616
1307	0.00061577961
1308	0.00061754022
1309	0.0006166423
1310	0.00061517725
1311	0.00061509813
1312	0.00061424716
1313	0.00061167313
1314	0.00061119692
1315	0.0006128964
1316	0.00061106142
1317	0.00061117437
1318	0.00060953468
1319	0.0006070857
1320	0.00060863753
1321	0.00060830819
1322	0.00060734916
1323	0.00060787277
1324	0.00060464007
1325	0.00060367773
1326	0.00060228735
1327	0.00060455614
1328	0.00060318779
1329	0.00060140798
1330	0.00060078208
1331	0.000601799
1332	0.00059834504
1333	0.00059881291
1334	0.00059911809
1335	0.00059902973
1336	0.00059855123
1337	0.00059756173
1338	0.00059432548
1339	0.00059554683
1340	0.00059542656
1341	0.00059576455
1342	0.00059290603
1343	0.00059412143
1344	0.00059078784
1345	0.00059111108
1346	0.0005919295
1347	0.00059184312
1348	0.00058905244
1349	0.00059017943
1350	0.00058703931
1351	0.00058781259
1352	0.00058812982
1353	0.00058790882
1354	0.00058704047
1355	0.00058664007
1356	0.00058348911
1357	0.00058518178
1358	0.00058464532
1359	0.00058414102
1360	0.00058351989
1361	0.00058108161
1362	0.00058303607
1363	0.00058175557
1364	0.00058105038
1365	0.00058159575
1366	0.0005811191
1367	0.00057977963
1368	0.00057667904
1369	0.00057758399
1370	0.00057762015
1371	0.00057711724
1372	0.00057641554
1373	0.00057586338
1374	0.00057620174
1375	0.00057432407
1376	0.00057444353
1377	0.00057403871
1378	0.00057291264
1379	0.00057304535
1380	0.00057322842
1381	0.00057060464
1382	0.00057119081
1383	0.00057144124
1384	0.00056961726
1385	0.00057059234
1386	0.00056872607
1387	0.00056911093
1388	0.00056919388
1389	0.00056679815
1390	0.00056743407
1391	0.00056702487
1392	0.00056573046
1393	0.00056475588
1394	0.00056441889
1395	0.00056518516
1396	0.0005620809
1397	0.00056410814
1398	0.00056279684
1399	0.00056357109
1400	0.00056228946
1401	0.00056105737
1402	0.00056049987
1403	0.00056110596
1404	0.00055819145
1405	0.00056051079
1406	0.00055891408
1407	0.00055877003
1408	0.00055891861
1409	0.00055836793
1410	0.00055666718
1411	0.00055742276
1412	0.00055551532
1413	0.00055529378
1414	0.00055568125
1415	0.00055597704
1416	0.00055413134
1417	0.0005533049
1418	0.00055365546
1419	0.00055184307
1420	0.00055094984
1421	0.00055345769
1422	0.0005521707
1423	0.00055052698
1424	0.00055151291
1425	0.00055170118
1426	0.0005513858
1427	0.00054848054
1428	0.00054963339
1429	0.00055007692
1430	0.00054807448
1431	0.0005493275
1432	0.00054743901
1433	0.00054841497
1434	0.00054780611
1435	0.00054706855
1436	0.00054604615
1437	0.00054639369
1438	0.00054513536
1439	0.00054600962
1440	0.00054432139
1441	0.00054526589
1442	0.00054211134
1443	0.00054241268
1444	0.00054329474
1445	0.00054331926
1446	0.00054144875
1447	0.00054275465
1448	0.00054056854
1449	0.00054159158
1450	0.0005387566
1451	0.00054014793
1452	0.00053938627
1453	0.00054005402
1454	0.00053920562
1455	0.0005394934
1456	0.0005394502
1457	0.00053722567
1458	0.00053709943
1459	0.00053756751
1460	0.00053698426
1461	0.00053714368
1462	0.00053721711
1463	0.00053636342
1464	0.00053524048
1465	0.00053589155
1466	0.00053524361
1467	0.00053545242
1468	0.00053199075
1469	0.00053284308
1470	0.0005329808
1471	0.00053348047
1472	0.00053285703
1473	0.00053326036
1474	0.00053216449
1475	0.00053166698
1476	0.00053113551
1477	0.0005309682
1478	0.00052977085
1479	0.0005302462
1480	0.00052990822
1481	0.00052933412
1482	0.0005296337
1483	0.00052694014
1484	0.0005285587
1485	0.00052871282
1486	0.00052764043
1487	0.00052810653
1488	0.0005272104
1489	0.00052742994
1490	0.00052565754
1491	0.00052602322
1492	0.00052552468
1493	0.00052402329
1494	0.00052458845
1495	0.00052402112
1496	0.00052394519
1497	0.00052514408
1498	0.00052380245
1499	0.00052327239
1500	0.00052277253
1501	0.0005235755
1502	0.00052168328
1503	0.00052305237
1504	0.00052226043
1505	0.00052259865
1506	0.00052101995
1507	0.00052189798
1508	0.00052057633
1509	0.00052068274
1510	0.0005195879
1511	0.00052010481
1512	0.00052019727
1513	0.00052014104
1514	0.00051834015
1515	0.00051964673
1516	0.00051916169
1517	0.00051761224
1518	0.00051770191
1519	0.00051816634
1520	0.00051718103
1521	0.00051720659
1522	0.0005166995
1523	0.00051726956
1524	0.00051563694
1525	0.00051672346
1526	0.0005161272
1527	0.00051532715
1528	0.00051559991
1529	0.0005143457
1530	0.00051403495
1531	0.00051412295
1532	0.00051361276
1533	0.00051335574
1534	0.0005134976
1535	0.00051360604
1536	0.00051243688
1537	0.00051260058
1538	0.00051257937
1539	0.00051269365
1540	0.00051077455
1541	0.00051172842
1542	0.0005103107
1543	0.00050939471
1544	0.00051121518
1545	0.00051092053
1546	0.00051066007
1547	0.00051033533
1548	0.00051031942
1549	0.00050885141
1550	0.00050840634
1551	0.00050748797
1552	0.00050786175
1553	0.00050842302
1554	0.00050869315
1555	0.0005079223
1556	0.00050802712
1557	0.00050751754
1558	0.00050639452
1559	0.00050756708
1560	0.00050661494
1561	0.00050587683
1562	0.00050512333
1563	0.00050571358
1564	0.00050476087
1565	0.00050595679
1566	0.00050558931
1567	0.00050396992
1568	0.00050426562
1569	0.00050437528
1570	0.00050298663
1571	0.00050405059
1572	0.00050370109
1573	0.00050374306
1574	0.00050089305
1575	0.00050143515
1576	0.00050214502
1577	0.00050285959
1578	0.0005018437
1579	0.00050164424
1580	0.00050199551
1581	0.00050125041
1582	0.0005013186
1583	0.00049987363
1584	0.0005000596
1585	0.00050039441
1586	0.00049957321
1587	0.00049950276
