1	2.59
2	4.1
3	5.64
4	7.05
5	8.43
6	9.78
7	11.29
8	12.62
9	13.86
10	15.13
11	16.35
12	17.59
13	18.81
14	20.09
15	21.38
16	22.73
17	24.03
18	25.39
19	26.69
20	28.03
21	29.3
22	30.62
23	31.85
24	33.21
25	34.48
26	35.99
27	37.21
28	38.48
29	39.69
30	40.98
31	42.25
32	43.59
33	44.82
34	46.16
35	47.35
36	48.68
37	49.88
38	51.17
39	52.39
40	53.63
41	54.83
42	56.18
43	57.42
44	58.72
45	59.92
46	61.17
47	62.36
48	63.68
49	64.91
50	66.21
51	67.43
52	68.72
53	69.96
54	71.28
55	72.48
56	73.8
57	74.99
58	76.46
59	77.63
60	78.99
61	80.24
62	81.53
63	82.75
64	84.12
65	85.35
66	86.79
67	87.97
68	89.24
69	90.41
70	91.71
71	92.91
72	94.29
73	95.47
74	96.72
75	97.92
76	99.44
77	100.64
78	101.87
79	103.13
80	104.6
81	105.86
82	107.26
83	108.46
84	109.83
85	111.06
86	112.32
87	113.56
88	114.84
89	116.04
90	117.37
91	118.53
92	119.74
93	120.92
94	122.21
95	123.4
96	124.73
97	125.91
98	127.1
99	128.29
100	129.99
101	131.13
102	132.34
103	133.5
104	134.8
105	135.98
106	137.19
107	138.35
108	139.61
109	140.76
110	141.99
111	143.14
112	144.43
113	145.6
114	146.84
115	148.06
116	149.37
117	150.58
118	151.8
119	153.02
120	154.27
121	155.43
122	156.74
123	157.89
124	159.1
125	160.25
126	161.6
127	162.75
128	164.06
129	165.23
130	166.54
131	167.72
132	169
133	170.17
134	171.45
135	172.66
136	173.97
137	175.13
138	176.4
139	177.57
140	178.87
141	180.04
142	181.26
143	182.49
144	183.84
145	185.03
146	186.36
147	187.58
148	188.89
149	190.12
150	191.4
151	192.56
152	193.86
153	195.01
154	196.3
155	197.45
156	198.73
157	199.9
158	201.17
159	202.33
160	203.61
161	204.77
162	206.05
163	207.22
164	208.5
165	209.66
166	210.95
167	212.12
168	213.41
169	214.64
170	215.92
171	217.09
172	218.39
173	219.58
174	220.89
175	222.06
176	223.35
177	224.52
178	225.73
179	226.9
180	228.28
181	229.47
182	230.77
183	231.92
184	233.13
185	234.3
186	235.71
187	236.88
188	238.17
189	239.34
190	240.7
191	241.86
192	243.11
193	244.27
194	245.5
195	246.67
196	248
197	249.16
198	250.46
199	251.63
200	253.3
201	254.45
202	255.73
203	256.9
204	258.22
205	259.39
206	260.69
207	261.86
208	263.17
209	264.33
210	265.65
211	266.82
212	268.12
213	269.28
214	270.49
215	271.66
216	273.04
217	274.21
218	275.52
219	276.69
220	277.89
221	279.08
222	280.4
223	281.65
224	282.99
225	284.17
226	285.47
227	286.64
228	287.94
229	289.1
230	290.34
231	291.51
232	292.83
233	294
234	295.33
235	296.49
236	297.7
237	298.87
238	300.21
239	301.38
240	302.69
241	303.86
242	305.17
243	306.33
244	307.64
245	308.8
246	310.09
247	311.26
248	312.57
249	313.73
250	315.03
251	316.2
252	317.51
253	318.67
254	319.97
255	321.13
256	322.47
257	323.63
258	325
259	326.16
260	327.46
261	328.62
262	329.91
263	331.07
264	332.72
265	333.87
266	335.36
267	336.53
268	337.81
269	338.99
270	340.28
271	341.44
272	342.74
273	343.96
274	345.27
275	346.45
276	347.75
277	348.91
278	350.23
279	351.4
280	352.69
281	353.86
282	355.15
283	356.32
284	357.62
285	358.82
286	360.19
287	361.41
288	362.71
289	363.9
290	365.32
291	366.48
292	367.78
293	368.97
294	370.28
295	371.44
296	372.74
297	373.9
298	375.2
299	376.36
300	378.02
301	379.17
302	380.46
303	381.62
304	382.94
305	384.1
306	385.56
307	386.72
308	388.04
309	389.2
310	390.49
311	391.65
312	393.05
313	394.21
314	395.73
315	396.89
316	398.19
317	399.38
318	400.77
319	401.93
320	403.25
321	404.41
322	405.72
323	406.91
324	408.22
325	409.39
326	410.72
327	411.88
328	413.22
329	414.38
330	415.7
331	416.89
332	418.22
333	419.38
334	420.84
335	422.01
336	423.3
337	424.47
338	425.8
339	426.98
340	428.26
341	429.42
342	430.63
343	431.79
344	433.13
345	434.3
346	435.61
347	436.77
348	438.09
349	439.26
350	440.56
351	441.73
352	442.99
353	444.16
354	445.51
355	446.7
356	448
357	449.18
358	450.51
359	451.7
360	453.08
361	454.28
362	455.67
363	456.85
364	458.19
365	459.37
366	460.78
367	461.94
368	463.49
369	464.66
370	466.26
371	467.42
372	468.64
373	469.83
374	471.17
375	472.36
376	473.72
377	474.89
378	476.28
379	477.46
380	478.74
381	479.92
382	481.46
383	482.66
384	484.06
385	485.28
386	486.53
387	487.72
388	489.08
389	490.27
390	491.63
391	492.81
392	494.18
393	495.37
394	496.73
395	497.91
396	499.22
397	500.4
398	501.64
399	502.82
400	504.46
401	505.61
402	506.96
403	508.21
404	509.56
405	510.78
406	512.03
407	513.22
408	514.62
409	515.83
410	517.29
411	518.47
412	519.7
413	520.96
414	522.33
415	523.51
416	524.85
417	526.04
418	527.37
419	528.56
420	529.91
421	531.09
422	532.45
423	533.63
424	534.88
425	536.05
426	537.31
427	538.5
428	539.83
429	541.02
430	542.35
431	543.53
432	544.75
433	545.93
434	547.29
435	548.47
436	549.8
437	550.99
438	552.32
439	553.5
440	554.89
441	556.08
442	557.44
443	558.62
444	559.95
445	561.13
446	562.35
447	563.54
448	564.88
449	566.07
450	567.41
451	568.58
452	569.8
453	570.99
454	572.46
455	573.64
456	574.98
457	576.15
458	577.38
459	578.56
460	579.92
461	581.11
462	582.45
463	583.67
464	584.92
465	586.13
466	587.58
467	588.82
468	590.16
469	591.4
470	592.63
471	593.81
472	595.18
473	596.36
474	597.7
475	598.88
476	600.1
477	601.28
478	602.71
479	603.88
480	605.26
481	606.45
482	607.66
483	608.84
484	610.18
485	611.37
486	612.73
487	613.92
488	615.19
489	616.38
490	617.65
491	618.84
492	620.22
493	621.4
494	622.61
495	623.79
496	625.17
497	626.36
498	627.69
499	628.86
500	630.45
501	631.61
502	632.9
503	634.08
504	635.43
505	636.6
506	637.84
507	639.01
508	640.38
509	641.56
510	642.89
511	644.07
512	645.3
513	646.47
514	647.75
515	648.94
516	650.32
517	651.49
518	652.72
519	653.88
520	655.31
521	656.5
522	657.84
523	659.02
524	660.23
525	661.4
526	662.71
527	663.9
528	665.27
529	666.5
530	667.73
531	668.93
532	670.41
533	671.6
534	672.93
535	674.11
536	675.32
537	676.5
538	677.91
539	679.1
540	680.45
541	681.63
542	682.85
543	684.03
544	685.3
545	686.48
546	687.84
547	689.02
548	690.23
549	691.41
550	692.86
551	694.05
552	695.42
553	696.6
554	697.83
555	699
556	700.47
557	701.67
558	703.13
559	704.35
560	705.64
561	706.86
562	708.29
563	709.52
564	710.89
565	712.06
566	713.28
567	714.46
568	715.84
569	717.02
570	718.35
571	719.54
572	720.76
573	721.94
574	723.38
575	724.57
576	725.92
577	727.1
578	728.32
579	729.5
580	730.9
581	732.09
582	733.42
583	734.6
584	735.83
585	737.01
586	738.41
587	739.6
588	740.94
589	742.12
590	743.34
591	744.52
592	745.82
593	747
594	748.38
595	749.57
596	750.8
597	751.98
598	753.45
599	754.66
600	756.38
601	757.57
602	758.78
603	759.99
604	761.43
605	762.62
606	763.99
607	765.19
608	766.41
609	767.61
610	769.04
611	770.23
612	771.6
613	772.8
614	774.06
615	775.32
616	776.62
617	777.84
618	779.25
619	780.5
620	781.76
621	782.95
622	784.31
623	785.5
624	786.88
625	788.08
626	789.3
627	790.5
628	791.99
629	793.18
630	794.52
631	795.71
632	796.94
633	798.13
634	799.43
635	800.61
636	802
637	803.2
638	804.48
639	805.71
640	807.13
641	808.32
642	809.67
643	810.84
644	812.07
645	813.27
646	814.62
647	815.81
648	817.2
649	818.37
650	819.59
651	820.79
652	822.14
653	823.33
654	824.67
655	825.87
656	827.12
657	828.31
658	829.65
659	830.84
660	832.21
661	833.4
662	834.65
663	835.84
664	837.19
665	838.4
666	839.81
667	841.01
668	842.26
669	843.45
670	844.81
671	846.01
672	847.44
673	848.64
674	849.88
675	851.07
676	852.41
677	853.62
678	855.03
679	856.24
680	857.56
681	858.77
682	860.17
683	861.39
684	862.76
685	863.96
686	865.23
687	866.47
688	867.87
689	869.09
690	870.47
691	871.69
692	872.95
693	874.18
694	875.59
695	876.79
696	878.2
697	879.39
698	880.64
699	881.84
700	883.58
701	884.77
702	886.14
703	887.33
704	888.57
705	889.77
706	891.09
707	892.3
708	893.7
709	894.9
710	896.13
711	897.33
712	898.67
713	899.89
714	901.25
715	902.44
716	903.7
717	904.95
718	906.27
719	907.51
720	908.89
721	910.18
722	911.43
723	912.64
724	913.95
725	915.16
726	916.52
727	917.73
728	918.97
729	920.18
730	921.55
731	922.77
732	924.15
733	925.35
734	926.6
735	927.8
736	929.12
737	930.33
738	931.79
739	932.99
740	934.25
741	935.46
742	936.84
743	938.11
744	939.48
745	940.71
746	941.96
747	943.18
748	944.57
749	945.83
750	947.2
751	948.42
752	949.68
753	950.93
754	952.36
755	953.56
756	954.92
757	956.12
758	957.36
759	958.59
760	959.9
761	961.12
762	962.55
763	963.75
764	965
765	966.22
766	967.53
767	968.75
768	970.11
769	971.3
770	972.55
771	973.78
772	975.08
773	976.3
774	977.67
775	978.87
776	980.11
777	981.34
778	982.64
779	983.85
780	985.22
781	986.41
782	987.65
783	988.87
784	990.18
785	991.38
786	992.74
787	993.94
788	995.2
789	996.42
790	997.85
791	999.06
792	1000.51
793	1001.71
794	1002.95
795	1004.18
796	1005.48
797	1006.68
798	1008.06
799	1009.25
800	1010.87
801	1012.07
802	1013.37
803	1014.58
804	1015.95
805	1017.16
806	1018.46
807	1019.69
808	1021.1
809	1022.31
810	1023.67
811	1024.88
812	1026.14
813	1027.36
814	1028.67
815	1029.87
816	1031.22
817	1032.44
818	1033.67
819	1034.87
820	1036.23
821	1037.44
822	1038.76
823	1039.95
824	1041.2
825	1042.43
826	1043.71
827	1044.92
828	1046.29
829	1047.51
830	1048.76
831	1049.99
832	1051.4
833	1052.61
834	1053.95
835	1055.17
836	1056.44
837	1057.66
838	1059.07
839	1060.32
840	1061.7
841	1062.92
842	1064.23
843	1065.47
844	1066.85
845	1068.11
846	1069.5
847	1070.73
848	1071.97
849	1073.19
850	1074.59
851	1075.81
852	1077.23
853	1078.46
854	1079.82
855	1081.03
856	1082.28
857	1083.5
858	1084.88
859	1086.12
860	1087.49
861	1088.77
862	1090.04
863	1091.28
864	1092.59
865	1093.83
866	1095.21
867	1096.45
868	1097.72
869	1098.96
870	1100.37
871	1101.59
872	1102.95
873	1104.26
874	1105.66
875	1106.94
876	1108.24
877	1109.58
878	1111.07
879	1112.44
880	1113.93
881	1115.18
882	1116.49
883	1117.81
884	1119.3
885	1120.61
886	1121.97
887	1123.21
888	1124.47
889	1125.76
890	1127.18
891	1128.42
892	1129.77
893	1130.99
894	1132.23
895	1133.46
896	1134.77
897	1136
898	1137.37
899	1138.62
900	1140.27
901	1141.55
902	1143.08
903	1144.4
904	1145.82
905	1147.08
906	1148.4
907	1149.72
908	1151.19
909	1152.45
910	1153.83
911	1155.09
912	1156.37
913	1157.63
914	1159.03
915	1160.28
916	1161.68
917	1162.94
918	1164.19
919	1165.44
920	1166.78
921	1168.01
922	1169.37
923	1170.65
924	1171.96
925	1173.24
926	1174.66
927	1175.97
928	1177.4
929	1178.65
930	1180.03
931	1181.29
932	1182.7
933	1183.94
934	1185.31
935	1186.53
936	1187.78
937	1189.02
938	1190.41
939	1191.64
940	1193
941	1194.23
942	1195.51
943	1196.75
944	1198.25
945	1199.58
946	1201.02
947	1202.34
948	1203.67
949	1204.97
950	1206.46
951	1207.7
952	1209.1
953	1210.34
954	1211.65
955	1212.97
956	1214.52
957	1215.8
958	1217.2
959	1218.47
960	1219.78
961	1221.04
962	1222.41
963	1223.65
964	1225.15
965	1226.43
966	1227.72
967	1228.96
968	1230.38
969	1231.63
970	1233
971	1234.25
972	1235.54
973	1236.78
974	1238.19
975	1239.46
976	1240.85
977	1242.07
978	1243.34
979	1244.6
980	1246.01
981	1247.25
982	1248.65
983	1249.89
984	1251.19
985	1252.57
986	1254.05
987	1255.27
988	1256.71
989	1257.95
990	1259.25
991	1260.59
992	1262.09
993	1263.32
994	1264.7
995	1265.94
996	1267.37
997	1268.59
998	1269.89
999	1271.14
1000	1273.02
1001	1274.25
1002	1275.61
1003	1276.86
1004	1278.17
1005	1279.44
1006	1280.94
1007	1282.18
1008	1283.56
1009	1284.83
1010	1286.08
1011	1287.39
1012	1288.85
1013	1290.1
1014	1291.59
1015	1292.88
1016	1294.17
1017	1295.43
1018	1296.89
1019	1298.14
1020	1299.52
1021	1300.77
1022	1302.06
1023	1303.34
1024	1304.78
1025	1306.02
1026	1307.44
1027	1308.72
1028	1309.97
1029	1311.22
1030	1312.68
1031	1313.95
1032	1315.33
1033	1316.58
1034	1317.85
1035	1319.1
1036	1320.5
1037	1321.73
1038	1323.09
1039	1324.35
1040	1325.73
1041	1326.94
1042	1328.19
1043	1329.46
1044	1330.89
1045	1332.12
1046	1333.51
1047	1334.77
1048	1336.05
1049	1337.34
1050	1338.81
1051	1340.05
1052	1341.39
1053	1342.64
1054	1344.02
1055	1345.25
1056	1346.61
1057	1347.82
1058	1349.16
1059	1350.43
1060	1351.81
1061	1353.06
1062	1354.43
1063	1355.66
1064	1357.06
1065	1358.33
1066	1359.73
1067	1361.03
1068	1362.45
1069	1363.69
1070	1365.09
1071	1366.38
1072	1367.69
1073	1368.97
1074	1370.45
1075	1371.73
1076	1373.14
1077	1374.37
1078	1375.66
1079	1376.93
1080	1378.39
1081	1379.62
1082	1380.95
1083	1382.17
1084	1383.42
1085	1384.66
1086	1385.94
1087	1387.14
1088	1388.5
1089	1389.72
1090	1390.96
1091	1392.2
1092	1393.5
1093	1394.7
1094	1396.09
1095	1397.34
1096	1398.68
1097	1399.89
1098	1401.13
1099	1402.38
1100	1404.13
1101	1405.34
1102	1406.7
1103	1407.92
1104	1409.16
1105	1410.41
1106	1411.71
1107	1412.92
1108	1414.32
1109	1415.6
1110	1416.85
1111	1418.09
1112	1419.58
1113	1420.79
1114	1422.18
1115	1423.42
1116	1424.66
1117	1425.91
1118	1427.34
1119	1428.55
1120	1429.87
1121	1431.1
1122	1432.45
1123	1433.7
1124	1435.01
1125	1436.22
1126	1437.55
1127	1438.76
1128	1440.11
1129	1441.31
1130	1442.65
1131	1443.86
1132	1445.21
1133	1446.41
1134	1447.73
1135	1448.95
1136	1450.27
1137	1451.48
1138	1452.8
1139	1454
1140	1455.24
1141	1456.48
1142	1457.89
1143	1459.13
1144	1460.44
1145	1461.65
1146	1462.88
1147	1464.11
1148	1465.48
1149	1466.72
1150	1468.02
1151	1469.23
1152	1470.57
1153	1471.78
1154	1473.02
1155	1474.26
1156	1475.62
1157	1476.84
1158	1478.17
1159	1479.38
1160	1480.63
1161	1481.88
1162	1483.25
1163	1484.49
1164	1485.82
1165	1487.02
1166	1488.28
1167	1489.49
1168	1490.78
1169	1492.02
1170	1493.37
1171	1494.62
1172	1495.96
1173	1497.16
1174	1498.42
1175	1499.67
1176	1501.03
1177	1502.26
1178	1503.6
1179	1504.87
1180	1506.16
1181	1507.43
1182	1508.82
1183	1510.06
1184	1511.44
1185	1512.65
1186	1514.07
1187	1515.3
1188	1516.55
1189	1517.78
1190	1519.2
1191	1520.42
1192	1521.77
1193	1523
1194	1524.32
1195	1525.53
1196	1526.88
1197	1528.09
1198	1529.34
1199	1530.56
1200	1532.39
1201	1533.65
1202	1535.08
1203	1536.33
1204	1537.59
1205	1538.82
1206	1540.13
1207	1541.34
1208	1542.7
1209	1543.95
1210	1545.29
1211	1546.5
1212	1547.74
1213	1548.99
1214	1550.37
1215	1551.58
1216	1552.91
1217	1554.15
1218	1555.39
1219	1556.63
1220	1557.99
1221	1559.2
1222	1560.52
1223	1561.77
1224	1563.01
1225	1564.23
1226	1565.52
1227	1566.72
1228	1568.12
1229	1569.39
1230	1570.73
1231	1571.93
1232	1573.18
1233	1574.44
1234	1575.82
1235	1577.05
1236	1578.4
1237	1579.62
1238	1580.98
1239	1582.19
1240	1583.55
1241	1584.76
1242	1586.11
1243	1587.31
1244	1588.57
1245	1589.81
1246	1591.23
1247	1592.44
1248	1593.81
1249	1595.08
1250	1596.41
1251	1597.61
1252	1598.97
1253	1600.18
1254	1601.51
1255	1602.72
1256	1604.07
1257	1605.28
1258	1606.53
1259	1607.8
1260	1609.2
1261	1610.4
1262	1611.79
1263	1613.07
1264	1614.42
1265	1615.64
1266	1616.9
1267	1618.18
1268	1619.53
1269	1620.76
1270	1622.12
1271	1623.38
1272	1624.64
1273	1625.89
1274	1627.3
1275	1628.5
1276	1629.85
1277	1631.08
1278	1632.33
1279	1633.62
1280	1635.04
1281	1636.24
1282	1637.57
1283	1638.8
1284	1640.05
1285	1641.31
1286	1642.71
1287	1643.92
1288	1645.3
1289	1646.54
1290	1647.92
1291	1649.14
1292	1650.42
1293	1651.71
1294	1653.1
1295	1654.36
1296	1655.71
1297	1656.93
1298	1658.31
1299	1659.53
1300	1661.17
1301	1662.42
1302	1663.85
1303	1665.05
1304	1666.43
1305	1667.68
1306	1668.92
1307	1670.2
1308	1671.62
1309	1672.83
1310	1674.18
1311	1675.42
1312	1676.67
1313	1677.95
1314	1679.45
1315	1680.66
1316	1681.98
1317	1683.21
1318	1684.46
1319	1685.75
1320	1687.15
1321	1688.35
1322	1689.69
1323	1690.97
1324	1692.23
1325	1693.53
1326	1694.96
1327	1696.18
1328	1697.63
1329	1698.92
1330	1700.19
1331	1701.44
1332	1702.88
1333	1704.1
1334	1705.48
1335	1706.72
1336	1707.97
1337	1709.21
1338	1710.69
1339	1711.91
1340	1713.26
1341	1714.55
1342	1715.82
1343	1717.09
1344	1718.54
1345	1719.78
1346	1721.13
1347	1722.37
1348	1723.64
1349	1724.89
1350	1726.36
1351	1727.59
1352	1728.93
1353	1730.17
1354	1731.42
1355	1732.66
1356	1734.14
1357	1735.37
1358	1736.8
1359	1738.03
1360	1739.29
1361	1740.56
1362	1742.05
1363	1743.28
1364	1744.71
1365	1745.99
1366	1747.25
1367	1748.48
1368	1749.95
1369	1751.17
1370	1752.54
1371	1753.78
1372	1755.04
1373	1756.28
1374	1757.71
1375	1758.94
1376	1760.3
1377	1761.53
1378	1762.78
1379	1764.02
1380	1765.46
1381	1766.69
1382	1768.04
1383	1769.29
1384	1770.68
1385	1771.87
1386	1773.14
1387	1774.38
1388	1775.83
1389	1777.06
1390	1778.44
1391	1779.69
1392	1781.08
1393	1782.3
1394	1783.58
1395	1784.81
1396	1786.29
1397	1787.54
1398	1788.9
1399	1790.15
1400	1791.92
1401	1793.12
1402	1794.39
1403	1795.63
1404	1797.14
1405	1798.4
1406	1799.76
1407	1801.01
1408	1802.39
1409	1803.61
1410	1804.89
1411	1806.12
1412	1807.54
1413	1808.77
1414	1810.13
1415	1811.37
1416	1812.79
1417	1814.07
1418	1815.34
1419	1816.6
1420	1818.04
1421	1819.27
1422	1820.65
1423	1821.91
1424	1823.16
1425	1824.4
1426	1825.83
1427	1827.07
1428	1828.51
1429	1829.76
1430	1831.16
1431	1832.39
1432	1833.66
1433	1834.94
1434	1836.42
1435	1837.68
1436	1839.07
1437	1840.38
1438	1841.81
1439	1843.09
1440	1844.44
1441	1845.77
1442	1847.28
1443	1848.52
1444	1849.89
1445	1851.16
1446	1852.57
1447	1853.8
1448	1855.06
1449	1856.35
1450	1857.8
1451	1859.02
1452	1860.39
1453	1861.63
1454	1862.87
1455	1864.15
1456	1865.62
1457	1866.84
1458	1868.16
1459	1869.46
1460	1870.72
1461	1872.01
1462	1873.44
1463	1874.65
1464	1876.05
1465	1877.3
1466	1878.55
1467	1879.84
1468	1881.32
1469	1882.55
1470	1883.91
1471	1885.16
1472	1886.41
1473	1887.69
1474	1889.11
1475	1890.33
1476	1891.7
1477	1892.95
1478	1894.34
1479	1895.56
1480	1896.94
1481	1898.16
1482	1899.41
1483	1900.68
1484	1902.04
1485	1903.24
1486	1904.61
1487	1905.87
1488	1907.24
1489	1908.46
1490	1909.73
1491	1910.96
1492	1912.41
1493	1913.64
1494	1914.99
1495	1916.27
1496	1917.54
1497	1918.78
1498	1920.15
1499	1921.35
1500	1923.06
1501	1924.34
1502	1925.61
1503	1926.84
1504	1928.25
1505	1929.47
1506	1930.84
1507	1932.06
1508	1933.48
1509	1934.73
1510	1936
1511	1937.23
1512	1938.64
1513	1939.85
1514	1941.21
1515	1942.5
1516	1943.85
1517	1945.05
1518	1946.44
1519	1947.69
1520	1948.94
1521	1950.18
1522	1951.62
1523	1952.83
1524	1954.17
1525	1955.46
1526	1956.7
1527	1957.93
1528	1959.4
1529	1960.65
1530	1961.96
1531	1963.25
1532	1964.49
1533	1965.74
1534	1967.15
1535	1968.38
1536	1969.76
1537	1971.05
1538	1972.3
1539	1973.51
1540	1974.92
1541	1976.15
1542	1977.5
1543	1978.78
1544	1980.2
1545	1981.45
1546	1982.7
1547	1983.94
1548	1985.41
1549	1986.66
1550	1988.02
1551	1989.34
1552	1990.78
1553	1992.12
1554	1993.53
1555	1994.89
1556	1996.36
1557	1997.59
1558	1999.02
1559	2000.33
1560	2001.63
1561	2002.91
1562	2004.3
1563	2005.5
1564	2006.84
1565	2008.14
1566	2009.5
1567	2010.71
1568	2012.15
1569	2013.4
1570	2014.8
1571	2016.06
1572	2017.31
1573	2018.54
1574	2019.98
1575	2021.21
1576	2022.55
1577	2023.81
1578	2025.2
1579	2026.45
1580	2027.77
1581	2029.05
1582	2030.49
1583	2031.73
1584	2033.08
1585	2034.33
1586	2035.7
1587	2036.91
