1	1
2	0.15716703
3	0.080085799
4	0.05796867
5	0.044987274
6	0.036959596
7	0.030972309
8	0.026661195
9	0.023215427
10	0.020580572
11	0.0183914
12	0.016701052
13	0.015245496
14	0.014094343
15	0.013034833
16	0.012248659
17	0.011409502
18	0.010856728
19	0.010186556
20	0.0097707425
21	0.0091608007
22	0.0088494366
23	0.0083387527
24	0.0081077081
25	0.0077247703
26	0.0075673015
27	0.0073118794
28	0.0072024035
29	0.0070445006
30	0.0069558484
31	0.0068403352
32	0.0067938422
33	0.0066870952
34	0.006649381
35	0.0065860274
36	0.006569708
37	0.0065018753
38	0.0064978466
39	0.0064602968
40	0.0064453217
41	0.0064097453
42	0.0064203175
43	0.0064256658
44	0.0063871784
45	0.0064165159
46	0.0063627195
47	0.0063571614
48	0.0063678084
49	0.0063429199
50	0.0063448683
51	0.006326024
52	0.0063231476
53	0.0062948477
54	0.0062991847
55	0.006286621
56	0.0062546113
57	0.0062742778
58	0.0062683751
59	0.0062430093
60	0.0062419912
61	0.0062169215
62	0.0062217406
63	0.0061954694
64	0.0061963931
65	0.0061846415
66	0.0061826357
67	0.0061794071
68	0.006123422
69	0.0061390664
70	0.0061252782
71	0.0060987781
72	0.0060946453
73	0.0060944424
74	0.0060266279
75	0.0060073404
76	0.0060135475
77	0.0060029734
78	0.0059394344
79	0.0059072494
80	0.0059037687
81	0.0058464149
82	0.0058301414
83	0.00581078
84	0.0057403584
85	0.0057148564
86	0.0057087707
87	0.0056514202
88	0.005649775
89	0.0055845939
90	0.0055559572
91	0.0055093166
92	0.0055092877
93	0.0054586666
94	0.0054467576
95	0.0053805963
96	0.0053673806
97	0.0054442612
98	0.0052521665
99	0.005238839
100	0.0052350672
101	0.0052260725
102	0.0051439925
103	0.0051308941
104	0.0051311106
105	0.0051094943
106	0.0050305302
107	0.0050265935
108	0.0050212605
109	0.0049756363
110	0.0049775649
111	0.0049382022
112	0.0049369697
113	0.0048939832
114	0.0048918303
115	0.0048508477
116	0.0048539491
117	0.0049149799
118	0.0047549196
119	0.0047619165
120	0.0047464757
121	0.0047119968
122	0.0047154514
123	0.0047123905
124	0.0046364919
125	0.0046376389
126	0.0046251803
127	0.0045866028
128	0.004596912
129	0.0045787697
130	0.0045411139
131	0.0044933719
132	0.0044959215
133	0.0044532253
134	0.0044546035
135	0.004406632
136	0.0044292587
137	0.0045831698
138	0.0043513771
139	0.0043122422
140	0.0043471145
141	0.00438785
142	0.0042973013
143	0.0043044342
144	0.0043212534
145	0.0042600015
146	0.0042968135
147	0.0042154228
148	0.0042658125
149	0.00417017
150	0.0042390687
151	0.0041427521
152	0.0042138097
153	0.0041728934
154	0.0041902112
155	0.0040989663
156	0.0041696466
157	0.0040809907
158	0.0041506062
159	0.0040612083
160	0.0041285412
161	0.0040305309
162	0.0041088401
163	0.0040478695
164	0.0040881312
165	0.0039795639
166	0.004067991
167	0.0040167967
168	0.0040433429
169	0.0039739782
170	0.0040178442
171	0.0039204636
172	0.0040061307
173	0.0039077851
174	0.0039828488
175	0.0039425399
176	0.0039413155
177	0.0039117681
178	0.0038926957
179	0.0038870196
180	0.0039123513
181	0.0038921462
182	0.0038821593
183	0.0038338665
184	0.003822474
185	0.0038213384
186	0.0038451339
187	0.00387757
188	0.0038020496
189	0.0037467517
190	0.0037740215
191	0.0037578215
192	0.0037188668
193	0.0037336328
194	0.0037514457
195	0.0036969405
196	0.0037309025
197	0.0036851666
198	0.0036933009
199	0.003667895
200	0.0036591316
201	0.0036500679
202	0.0036339894
203	0.0036139997
204	0.0036153595
205	0.003596006
206	0.0035934545
207	0.003580148
208	0.0035738493
209	0.003551557
210	0.0035551201
211	0.0035276835
212	0.0035362458
213	0.0035509557
214	0.0034961779
215	0.0034980271
216	0.0035125629
217	0.00351669
218	0.0034904082
219	0.0034711397
220	0.0034489505
221	0.0034456397
222	0.0034569191
223	0.0033831924
224	0.0033476348
225	0.0033507296
226	0.0033732005
227	0.0033856579
228	0.0033697527
229	0.0033866349
230	0.0033374337
231	0.0033443514
232	0.0033576496
233	0.0033490326
234	0.0033392504
235	0.0033557264
236	0.0032951042
237	0.0032973964
238	0.0033109018
239	0.0032931648
240	0.0032914186
241	0.0032796017
242	0.0032681721
243	0.0032531219
244	0.0032495843
245	0.003239603
246	0.003232951
247	0.0032047684
248	0.0032172262
249	0.0032042381
250	0.0031994031
251	0.0031791061
252	0.0031838835
253	0.0031577
254	0.0031686314
255	0.0031561387
256	0.0031307466
257	0.0031388403
258	0.0031574659
259	0.0031224872
260	0.0031296512
261	0.0031310073
262	0.0030846577
263	0.0030874198
264	0.003102003
265	0.003070857
266	0.0030770206
267	0.0030677396
268	0.0030531012
269	0.0030488036
270	0.003032796
271	0.0030279463
272	0.0030148657
273	0.0030106673
274	0.0029977467
275	0.002990007
276	0.0029810826
277	0.0029702208
278	0.0029647628
279	0.0029498306
280	0.0029472384
281	0.0029189242
282	0.0029301345
283	0.002910953
284	0.0029133089
285	0.0028943781
286	0.0028968638
287	0.0028856286
288	0.0028803304
289	0.0028548026
290	0.0028639793
291	0.0028313187
292	0.0028465177
293	0.0028218058
294	0.0028286642
295	0.0028021711
296	0.0028112438
297	0.0027904231
298	0.002794417
299	0.0027742608
300	0.0027771218
301	0.0027577877
302	0.0027610803
303	0.0027487953
304	0.0027445616
305	0.0027165821
306	0.002728178
307	0.0027045992
308	0.0027115878
309	0.0026857246
310	0.0026952961
311	0.0026836758
312	0.002679408
313	0.0026503962
314	0.0026638669
315	0.0026387265
316	0.0026481267
317	0.0026159389
318	0.0026324156
319	0.0026010705
320	0.0026181307
321	0.0025941384
322	0.0026035389
323	0.0025686706
324	0.0025911295
325	0.0025693294
326	0.0025792117
327	0.0025601537
328	0.0025675948
329	0.0025383855
330	0.0025558865
331	0.002536301
332	0.0025451589
333	0.0025252258
334	0.0025349143
335	0.0025122841
336	0.0025253583
337	0.0025066944
338	0.0025167353
339	0.0024993016
340	0.0025037321
341	0.0024576528
342	0.0024793589
343	0.002472491
344	0.0024995676
345	0.0024884745
346	0.002490184
347	0.002510442
348	0.0024774085
349	0.0024851543
350	0.0024585976
351	0.0024428439
352	0.0024727617
353	0.0024419016
354	0.0024739909
355	0.0025188929
356	0.0024562458
357	0.0024607524
358	0.0024424392
359	0.0024360259
360	0.0024328903
361	0.0024585114
362	0.0024271962
363	0.0024493577
364	0.0024202359
365	0.0024375859
366	0.0024134329
367	0.0024099196
368	0.0024067347
369	0.0024154112
370	0.0023995644
371	0.0024167388
372	0.0023764455
373	0.002377234
374	0.0023958848
375	0.0023678463
376	0.0023840169
377	0.0024133199
378	0.0023526055
379	0.0023561138
380	0.0023697381
381	0.0023393907
382	0.0023666197
383	0.0023941098
384	0.0023473505
385	0.0023998861
386	0.0023168033
387	0.0023219486
388	0.0023382747
389	0.0023514427
390	0.0023273833
391	0.002376529
392	0.0022989433
393	0.0023046041
394	0.0023206567
395	0.0023161431
396	0.0023068
397	0.0023104626
398	0.0022877545
399	0.0022906209
400	0.0023058571
401	0.0022822917
402	0.0023033997
403	0.0023542494
404	0.0022847449
405	0.0023455867
406	0.0022574326
407	0.0022652615
408	0.0022801221
409	0.0022909402
410	0.0022703468
411	0.0023319842
412	0.0022432842
413	0.0022519526
414	0.0022666877
415	0.0022724365
416	0.0022574546
417	0.0022983514
418	0.0022448244
419	0.0022747617
420	0.0022388453
421	0.002266785
422	0.0022342291
423	0.0022876212
424	0.0022138137
425	0.0022280125
426	0.0022405511
427	0.0022167636
428	0.0022435973
429	0.0022827906
430	0.0022276633
431	0.0022823165
432	0.0022002495
433	0.0022117498
434	0.0022261545
435	0.0022243374
436	0.0022160373
437	0.0022480321
438	0.0022032992
439	0.0022566561
440	0.0021802022
441	0.0021986057
442	0.0022118362
443	0.0022044254
444	0.0021995331
445	0.0022636208
446	0.0021698634
447	0.002182501
448	0.0021958101
449	0.0021951506
450	0.0021839425
451	0.0022603734
452	0.0021552783
453	0.0021682776
454	0.0021810374
455	0.0022034277
456	0.0021688509
457	0.0022348808
458	0.0021419314
459	0.0021544209
460	0.0021680651
461	0.0021738788
462	0.0021568224
463	0.0022255989
464	0.0021287653
465	0.0021417919
466	0.0021547009
467	0.0021707433
468	0.0021425729
469	0.0022173576
470	0.002114292
471	0.0021282981
472	0.002137129
473	0.002117138
474	0.0021375252
475	0.0022569887
476	0.0021023981
477	0.0021181046
478	0.002125109
479	0.0021299733
480	0.0021189911
481	0.0021957817
482	0.0020890915
483	0.002099385
484	0.0021061802
485	0.0020950395
486	0.0021031793
487	0.0022360546
488	0.0020693518
489	0.0020839891
490	0.0020889213
491	0.0020661853
492	0.0020855697
493	0.00219672
494	0.0020508429
495	0.0020643423
496	0.0020680032
497	0.0020741682
498	0.0020586855
499	0.0021347346
500	0.0020285198
501	0.0020374958
502	0.0020419004
503	0.0020235795
504	0.0020365373
505	0.0021579217
506	0.0020013233
507	0.0020144426
508	0.0020174492
509	0.0020187336
510	0.0020075757
511	0.0021066643
512	0.0019781301
513	0.001987931
514	0.0019920872
515	0.0019720662
516	0.0019890797
517	0.0021147938
518	0.0019539968
519	0.0019708925
520	0.0019732099
521	0.0019492361
522	0.0019625095
523	0.0020725024
524	0.0019305909
525	0.0019417059
526	0.0019460683
527	0.0019245066
528	0.0019430656
529	0.0020745998
530	0.0019077686
531	0.0019208029
532	0.0019244359
533	0.0019056855
534	0.0019168969
535	0.0020297872
536	0.0018851729
537	0.0018971057
538	0.0019012884
539	0.0019033552
540	0.0018936402
541	0.0019817937
542	0.001866138
543	0.0018770237
544	0.0018820281
545	0.0018604982
546	0.0018798555
547	0.0020029451
548	0.0018449464
549	0.0018587443
550	0.0018625001
551	0.0018410774
552	0.0018541605
553	0.0019741773
554	0.0018231588
555	0.0018369618
556	0.0018415477
557	0.0018425407
558	0.0018320422
559	0.0019508697
560	0.0018049704
561	0.001816776
562	0.0018223033
563	0.0017952649
564	0.0018177155
565	0.0019388937
566	0.001784741
567	0.0017983481
568	0.0018030752
569	0.0018025945
570	0.001792587
571	0.0019068788
572	0.001766781
573	0.0017781807
574	0.0017847657
575	0.0017649672
576	0.0017762135
577	0.0018991359
578	0.0017482312
579	0.0017586192
580	0.0017650672
581	0.001763358
582	0.0017561541
583	0.001875251
584	0.0017310712
585	0.0017397982
586	0.0017472335
587	0.0017405084
588	0.0017380068
589	0.0018693011
590	0.0017121523
591	0.0017210019
592	0.0017282194
593	0.0017006339
594	0.0017226614
595	0.0018692551
596	0.001691284
597	0.0017029095
598	0.0017085495
599	0.0016857172
600	0.0016993922
601	0.0018290779
602	0.0016731059
603	0.0016817053
604	0.0016881229
605	0.0016785577
606	0.0016803857
607	0.0018341522
608	0.0016540502
609	0.0016636589
610	0.0016705259
611	0.00167507
612	0.001662649
613	0.0017990851
614	0.0016383638
615	0.0016449418
616	0.0016528603
617	0.0016235201
618	0.0016474033
619	0.0018184781
620	0.0016141004
621	0.0016261165
622	0.0016316494
623	0.0016032098
624	0.0016221901
625	0.0017909583
626	0.0015910316
627	0.0016009059
628	0.0016061956
629	0.0015808299
630	0.0015963255
631	0.0017262983
632	0.0015664522
633	0.0015719107
634	0.0015770315
635	0.0015452215
636	0.0015673871
637	0.0017222815
638	0.0015346957
639	0.0015403466
640	0.0015450381
641	0.0015390726
642	0.0015327296
643	0.0016759331
644	0.0015052943
645	0.0015055803
646	0.0015116681
647	0.0014912785
648	0.0015013605
649	0.0016587823
650	0.0014743066
651	0.0014734002
652	0.0014808873
653	0.0014676314
654	0.0014721473
655	0.0016064854
656	0.0014473039
657	0.0014440965
658	0.0014524566
659	0.0014313277
660	0.0014455246
661	0.0016003497
662	0.0014212366
663	0.0014192499
664	0.0014280535
665	0.0014188837
666	0.0014225822
667	0.0015756028
668	0.0013994681
669	0.0013981849
670	0.0014068233
671	0.0013967889
672	0.001401467
673	0.0015750476
674	0.0013792797
675	0.0013780939
676	0.0013870147
677	0.0013789696
678	0.0013825254
679	0.0015382324
680	0.001361497
681	0.0013603218
682	0.001368883
683	0.0013599106
684	0.0013643753
685	0.0015126208
686	0.0013439099
687	0.0013437927
688	0.0013511391
689	0.0013439764
690	0.0013464106
691	0.0015098012
692	0.0013260853
693	0.0013281077
694	0.00133421
695	0.0013243784
696	0.0013285979
697	0.0016226845
698	0.001307905
699	0.0013142506
700	0.0013201404
701	0.0013089122
702	0.0013130119
703	0.0014397585
704	0.0012947292
705	0.0012947139
706	0.00130103
707	0.0012851881
708	0.0012949913
709	0.0014765448
710	0.0012739189
711	0.0012758203
712	0.0012808094
713	0.0012723341
714	0.0012733556
715	0.0014077127
716	0.0012553151
717	0.0012537305
718	0.0012582761
719	0.0012437933
720	0.001251135
721	0.001398551
722	0.0012328788
723	0.0012311105
724	0.0012351038
725	0.0012221883
726	0.0012266889
727	0.0013866462
728	0.0012111102
729	0.0012073075
730	0.0012111534
731	0.0011981236
732	0.0012029799
733	0.0013620619
734	0.0011892958
735	0.0011835256
736	0.001187373
737	0.0011719555
738	0.0011794208
739	0.001363573
740	0.0011675125
741	0.001160901
742	0.0011648648
743	0.0011678233
744	0.0011572015
745	0.001299506
746	0.001147326
747	0.0011384277
748	0.0011431626
749	0.0011289026
750	0.0011357198
751	0.0013119638
752	0.0011264809
753	0.0011181588
754	0.0011226281
755	0.0011230812
756	0.0011155306
757	0.0012660418
758	0.0011073865
759	0.0010982904
760	0.0011030816
761	0.0010868067
762	0.0010962665
763	0.001288449
764	0.001088723
765	0.0010815665
766	0.0010854884
767	0.0010695893
768	0.0010788651
769	0.0012481444
770	0.0010723283
771	0.0010644464
772	0.0010686778
773	0.0010533699
774	0.0010628431
775	0.0012644516
776	0.0010583154
777	0.0010504472
778	0.0010547175
779	0.0010406614
780	0.001049294
781	0.0011934117
782	0.0010440158
783	0.0010348869
784	0.0010401476
785	0.0010247437
786	0.0010357272
787	0.0012052585
788	0.0010320276
789	0.0010229254
790	0.0010288121
791	0.0010333844
792	0.0010256268
793	0.0011619601
794	0.0010227186
795	0.0010132636
796	0.0010193988
797	0.001006306
798	0.0010168257
799	0.0011971959
800	0.0010144502
801	0.0010065712
802	0.0010121923
803	0.0010035461
804	0.0010099238
805	0.0011928579
806	0.0010072149
807	0.00099859505
808	0.0010043246
809	0.0010023994
810	0.0010022337
811	0.0011574541
812	0.00099902263
813	0.00098956643
814	0.00099536953
815	0.00097900693
816	0.00099219634
817	0.0011031945
818	0.00098601664
819	0.00097611303
820	0.0009843796
821	0.0010387245
822	0.00098204292
823	0.0011183598
824	0.00097734189
825	0.00096779666
826	0.00097392402
827	0.00095259544
828	0.00096974577
829	0.0011832215
830	0.00096840867
831	0.00095831597
832	0.00096501678
833	0.00096928213
834	0.00096215024
835	0.0011585485
836	0.00096106719
837	0.00094822098
838	0.0009560943
839	0.00096834744
840	0.00095388934
841	0.0011675824
842	0.00095279613
843	0.00093966883
844	0.00094710609
845	0.00091954992
846	0.00094103419
847	0.0011685664
848	0.00093979985
849	0.00092800017
850	0.00093476943
851	0.00093096749
852	0.00092929637
853	0.0010609805
854	0.00093045229
855	0.0011884297
856	0.000932288
857	0.00091727545
858	0.00092520357
859	0.00090541643
860	0.0009181251
861	0.0011702777
862	0.0009190104
863	0.00090416328
864	0.0009127199
865	0.00088404581
866	0.00090533166
867	0.0012131191
868	0.00090930999
869	0.00089557593
870	0.00090300409
871	0.00091895438
872	0.00089751407
873	0.00098985073
874	0.00089820835
875	0.0011168041
876	0.00089996958
877	0.00088302316
878	0.00089234809
879	0.00086963622
880	0.00088541052
881	0.001139506
882	0.0008886472
883	0.00087363214
884	0.00088142998
885	0.00087844144
886	0.00087574276
887	0.0010877693
888	0.00087799776
889	0.00086473146
890	0.00087146148
891	0.00087305586
892	0.00086641183
893	0.0010028377
894	0.00086473279
895	0.00085225228
896	0.00085937449
897	0.00085247642
898	0.00085559142
899	0.0011585691
900	0.00086061208
901	0.00084983992
902	0.00085518139
903	0.00084730035
904	0.00084966911
905	0.0010680225
906	0.0008512855
907	0.00084045982
908	0.00084548298
909	0.00083185495
910	0.00083994733
911	0.00099415701
912	0.00083806974
913	0.00082862506
914	0.00083319049
915	0.00085115649
916	0.0008299758
917	0.00095027449
918	0.00082713194
919	0.00081795463
920	0.00082219501
921	0.00082897963
922	0.00081979068
923	0.0010591537
924	0.00081999344
925	0.00081293751
926	0.00081596238
927	0.00080619752
928	0.00081104581
929	0.00096149138
930	0.0008122962
931	0.00093839988
932	0.00081230853
933	0.0009101587
934	0.00081351587
935	0.00095581407
936	0.00081171994
937	0.00079908419
938	0.00080279954
939	0.00078443778
940	0.00079450297
941	0.0010236576
942	0.00079366437
943	0.00078308454
944	0.00078613405
945	0.00079988708
946	0.00077923648
947	0.00089736337
948	0.00077450434
949	0.00076284158
950	0.00076692102
951	0.00077226969
952	0.00076133743
953	0.00088523483
954	0.00075575034
955	0.00074495201
956	0.00074916554
957	0.00076426728
958	0.00074451621
959	0.0009211929
960	0.00074115458
961	0.00073058846
962	0.00073478631
963	0.00073298785
964	0.00072950358
965	0.00095833362
966	0.00072856483
967	0.00071835931
968	0.0007220952
969	0.00071127023
970	0.00071644687
971	0.00092266892
972	0.00071512228
973	0.00070593507
974	0.00070971567
975	0.00069624537
976	0.00070472609
977	0.00093844513
978	0.0007055308
979	0.0006964629
980	0.00070053975
981	0.00068460975
982	0.00069571225
983	0.0009533275
984	0.00069848875
985	0.00068941812
986	0.00069305628
987	0.00067579355
988	0.00068818968
989	0.00092053705
990	0.00069113947
991	0.00068155986
992	0.00068547399
993	0.0007224865
994	0.00068444797
995	0.00080219101
996	0.00068610003
997	0.00092018041
998	0.00069122929
999	0.00067653664
1000	0.00068216535
1001	0.00067131274
1002	0.00067747392
1003	0.00085867277
1004	0.00067880499
1005	0.00066511156
1006	0.00067053714
1007	0.00066679802
1008	0.00066704825
1009	0.00086301843
1010	0.00066965618
1011	0.00065521346
1012	0.00066076144
1013	0.00063839518
1014	0.00065551285
1015	0.00086762577
1016	0.00065936454
1017	0.0006447995
1018	0.00065069112
1019	0.00064843826
1020	0.00064765424
1021	0.00086036278
1022	0.00065221964
1023	0.00063623618
1024	0.00064212005
1025	0.0006203193
1026	0.00063750821
1027	0.00085429828
1028	0.00064213675
1029	0.00062621383
1030	0.00063162467
1031	0.00060836354
1032	0.00062596142
1033	0.00085892772
1034	0.00063264871
1035	0.00061650262
1036	0.00062125032
1037	0.00060453384
1038	0.00061632446
1039	0.00080160225
1040	0.00062431965
1041	0.00086264609
1042	0.00063121084
1043	0.00060992453
1044	0.00061545329
1045	0.00058403674
1046	0.0006076477
1047	0.00081447073
1048	0.0006130938
1049	0.00059488948
1050	0.00060064137
1051	0.00058758245
1052	0.00059592785
1053	0.00071734544
1054	0.00059959057
1055	0.00069114045
1056	0.00060032508
1057	0.00069358787
1058	0.00060251579
1059	0.00068582098
1060	0.00060282491
1061	0.00066734113
1062	0.00060298845
1063	0.00064156914
1064	0.00059952659
1065	0.00065478187
1066	0.00059865983
1067	0.00065523008
1068	0.0005965692
1069	0.00065289644
1070	0.00059564942
1071	0.000678802
1072	0.0005934986
1073	0.00056717498
1074	0.00057651708
1075	0.00055332558
1076	0.00057007564
1077	0.00066196714
1078	0.00056920486
1079	0.00054658676
1080	0.00055928812
1081	0.00061559295
1082	0.00055955723
1083	0.00068787149
1084	0.00055941584
1085	0.00053660625
1086	0.0005463078
1087	0.00051600531
1088	0.00054066482
1089	0.00070051003
1090	0.00054256917
1091	0.00052387774
1092	0.00053262192
1093	0.00050525803
1094	0.00052804252
1095	0.00071090579
1096	0.00053566882
1097	0.00072990308
1098	0.0005391835
1099	0.00052042193
1100	0.0005301301
1101	0.00058094507
1102	0.00052859094
1103	0.00063233336
1104	0.00052646221
1105	0.00050626337
1106	0.00051522411
1107	0.00048508306
1108	0.0005097471
1109	0.00074915715
1110	0.00051701933
1111	0.00049932561
1112	0.00050586189
1113	0.00047939265
1114	0.00050037352
1115	0.00070774132
1116	0.00050574239
1117	0.00048708478
1118	0.00049506252
1119	0.00049541242
1120	0.00049277951
1121	0.00056838891
1122	0.00049291232
1123	0.00061221627
1124	0.0004962455
1125	0.0005526184
1126	0.00049581688
1127	0.00052387155
1128	0.00049261386
1129	0.00060681347
1130	0.00049666839
1131	0.00050104327
1132	0.00049130918
1133	0.00059216807
1134	0.00049429342
1135	0.00055380348
1136	0.00049311011
1137	0.00055768886
1138	0.00049357986
1139	0.00056934855
1140	0.0004892542
1141	0.00046827067
1142	0.00047940989
1143	0.00065188674
1144	0.000486574
1145	0.00060530097
1146	0.00048488174
1147	0.00045951461
1148	0.00047430757
1149	0.00059213503
1150	0.00047814083
1151	0.00048806934
1152	0.00047242803
1153	0.00062636828
1154	0.00047437315
1155	0.00045060124
1156	0.00046482512
1157	0.00055950597
1158	0.00046717816
1159	0.00066619487
1160	0.00047139367
1161	0.00044622691
1162	0.0004598096
1163	0.00051905262
1164	0.00045946088
1165	0.00055891617
1166	0.00045690339
1167	0.00043242662
1168	0.00044488852
1169	0.00040552128
1170	0.00043925971
1171	0.00058085405
1172	0.00044437063
1173	0.00063006124
1174	0.00044997699
1175	0.00042678726
1176	0.00044005876
1177	0.00049262053
1178	0.00044087613
1179	0.00067409385
1180	0.00044986684
1181	0.00042748739
1182	0.00043899781
1183	0.00047816279
1184	0.00043909422
1185	0.00042576307
1186	0.00043287514
1187	0.00056775496
1188	0.00043475645
1189	0.00041478896
1190	0.00042452976
1191	0.00039793962
1192	0.00042024869
1193	0.00049217618
1194	0.00042210059
1195	0.00048168056
1196	0.00042238024
1197	0.0005926252
1198	0.00042698625
1199	0.00040817869
1200	0.00041656278
1201	0.00045653813
1202	0.00041798593
1203	0.00052430744
1204	0.00041793908
1205	0.00039640701
1206	0.00040819962
1207	0.0003759918
1208	0.00040440926
1209	0.00057916392
1210	0.00041315622
1211	0.0005456697
1212	0.00041555025
1213	0.00039300353
1214	0.00040356821
1215	0.00038490228
1216	0.00040086237
1217	0.00057460396
1218	0.00040612458
1219	0.00038599946
1220	0.00039520785
1221	0.00037106197
1222	0.00039278239
1223	0.00056789206
1224	0.00039759274
1225	0.00037785893
1226	0.00038763613
1227	0.0003556932
1228	0.00038437677
1229	0.00063043157
1230	0.00039856632
1231	0.00061703947
1232	0.00040656631
1233	0.00038264962
1234	0.00039552571
1235	0.00045618187
1236	0.0003972937
1237	0.00047829033
1238	0.00039880971
1239	0.00052583763
1240	0.00040540838
1241	0.00047726345
1242	0.0004061692
1243	0.00054201457
1244	0.00040887301
1245	0.00038327806
1246	0.00039536232
1247	0.00034543176
1248	0.000387934
1249	0.00051320258
1250	0.0003932549
1251	0.00044274782
1252	0.00039294378
1253	0.00047145234
1254	0.0003961416
1255	0.00048499513
1256	0.00039878339
1257	0.0005461225
1258	0.00040195464
1259	0.00037926628
1260	0.0003889605
1261	0.0003407749
1262	0.00038181383
1263	0.00053484898
1264	0.00038900328
1265	0.00063969305
1266	0.00039996979
1267	0.00037522745
1268	0.00038401043
1269	0.00033378471
1270	0.00037686825
1271	0.00054539852
1272	0.00037933545
1273	0.00035833148
1274	0.00036953408
1275	0.00032558203
1276	0.00036390995
1277	0.00061773919
1278	0.00037379004
1279	0.00035144776
1280	0.00036253174
1281	0.00031710104
1282	0.00035742639
1283	0.00053398324
1284	0.00036042675
1285	0.00034147022
1286	0.00035238223
1287	0.0003096648
1288	0.00034869404
1289	0.00052919407
1290	0.00035815143
1291	0.00066624993
1292	0.00037261382
1293	0.00035035847
1294	0.00036205601
1295	0.00041573757
1296	0.00036071189
1297	0.00042313516
1298	0.0003609613
1299	0.00058812751
1300	0.00037018936
1301	0.00034614325
1302	0.00035702495
1303	0.00030957544
1304	0.00035020171
1305	0.00053620879
1306	0.00035431998
1307	0.00033230405
1308	0.00034450885
1309	0.00030366105
1310	0.00033983276
1311	0.00055574125
1312	0.00034626749
1313	0.00032526893
1314	0.00033667929
1315	0.00032248754
1316	0.00033447131
1317	0.00045636152
1318	0.00033387652
1319	0.00031368297
1320	0.00032707776
1321	0.00029330127
1322	0.00032465696
1323	0.00062764925
1324	0.00033941741
1325	0.00031780689
1326	0.00032689331
1327	0.00028746302
1328	0.0003226863
1329	0.00061480236
1330	0.00033826971
1331	0.00031362505
1332	0.0003240977
1333	0.00030401855
1334	0.00032174155
1335	0.00053986736
1336	0.00033083279
1337	0.00030648913
1338	0.00031943461
1339	0.00031914963
1340	0.00031877973
1341	0.00056697345
1342	0.00033124309
1343	0.00030635366
1344	0.00031773491
1345	0.00027830878
1346	0.00031411457
1347	0.00054389297
1348	0.0003227609
1349	0.00030235378
1350	0.00031235825
1351	0.00032238566
1352	0.00031202078
1353	0.00051219755
1354	0.00031840662
1355	0.00029727391
1356	0.0003093032
1357	0.00029173856
1358	0.00030778433
1359	0.00049178539
1360	0.00031115182
1361	0.0002903295
1362	0.00030423153
1363	0.00029423708
1364	0.00030361496
1365	0.00054770137
1366	0.00031308072
1367	0.00029031967
1368	0.00030318031
1369	0.00031935284
1370	0.00030411582
1371	0.00044033864
1372	0.0003042542
1373	0.00028077684
1374	0.00029695391
1375	0.00030906849
1376	0.00029885438
1377	0.00046977681
1378	0.00030199754
1379	0.00027902773
1380	0.00029403908
1381	0.00025306058
1382	0.00029189756
1383	0.0004858116
1384	0.00030247601
1385	0.00048736222
1386	0.00030726687
1387	0.00028189594
1388	0.00029674483
1389	0.00024580214
1390	0.00029271469
1391	0.00042705601
1392	0.00029887156
1393	0.00052567477
1394	0.00030869706
1395	0.00028309407
1396	0.00029554534
1397	0.00028757012
1398	0.00029422817
1399	0.00038495351
1400	0.0002980068
1401	0.00053717215
1402	0.00030871999
1403	0.0002818404
1404	0.0002953499
1405	0.00029744631
1406	0.00029434569
1407	0.00039500281
1408	0.000299096
1409	0.00052707327
1410	0.00031075032
1411	0.00027979789
1412	0.00029504333
1413	0.00023604943
1414	0.00028923087
1415	0.00044587877
1416	0.00029683468
1417	0.00060763405
1418	0.00031726264
1419	0.00028157134
1420	0.00029557444
1421	0.00024474757
1422	0.00028971451
1423	0.00048085605
1424	0.00029520767
1425	0.00027063119
1426	0.00028425931
1427	0.00022874136
1428	0.00027884969
1429	0.00045536261
1430	0.00028716848
1431	0.00053824398
1432	0.0002980287
1433	0.00027157712
1434	0.00028462906
1435	0.00024216272
1436	0.00027959741
1437	0.00040557581
1438	0.00028595069
1439	0.00056545915
1440	0.00029917566
1441	0.00027648915
1442	0.00028534119
1443	0.00022801914
1444	0.00027887807
1445	0.00037431892
1446	0.00028179827
1447	0.00051071088
1448	0.00029056904
1449	0.00026621537
1450	0.00027818775
1451	0.00024290021
1452	0.00027334263
1453	0.00042321462
1454	0.00027563338
1455	0.00025225913
1456	0.00026662036
1457	0.00024157357
1458	0.0002650665
1459	0.00041131475
1460	0.00026573466
1461	0.00024635952
1462	0.00025919534
1463	0.00022438301
1464	0.0002575059
1465	0.00048319578
1466	0.00026552305
1467	0.00024608986
1468	0.00025660524
1469	0.00025330784
1470	0.00025693919
1471	0.00044863932
1472	0.00026297572
1473	0.00024128927
1474	0.00025444885
1475	0.00020821176
1476	0.00025163155
1477	0.00037673753
1478	0.00025828979
1479	0.00035910863
1480	0.00026284385
1481	0.00040182886
1482	0.00026350583
1483	0.00024274804
1484	0.00025634757
1485	0.00020815307
1486	0.00025110723
1487	0.00041959937
1488	0.00026098925
1489	0.0003945467
1490	0.0002621485
1491	0.00023905806
1492	0.00025147772
1493	0.00022431183
1494	0.00024827998
1495	0.00049948281
1496	0.00026343441
1497	0.00023870551
1498	0.00024775805
1499	0.00020004058
1500	0.00024301357
1501	0.0004923039
1502	0.00025662224
1503	0.00023427632
1504	0.00024194588
1505	0.00025106177
1506	0.00024230356
1507	0.00034782271
1508	0.00024838606
1509	0.0004575766
1510	0.00025824216
1511	0.00023027823
1512	0.00024410395
1513	0.00019719396
1514	0.00023982429
1515	0.00039904845
1516	0.00024811312
1517	0.00029943227
1518	0.00024797815
1519	0.0004460212
1520	0.00025620317
1521	0.00023021279
1522	0.00024404116
1523	0.00019490749
1524	0.00023924786
1525	0.00038594693
1526	0.00024040834
1527	0.00021798989
1528	0.00023263216
1529	0.00023900794
1530	0.00023315126
1531	0.00035102317
1532	0.00023272905
1533	0.00021134484
1534	0.00022636153
1535	0.00020776384
1536	0.00022559959
1537	0.00037680372
1538	0.00022719464
1539	0.00020660488
1540	0.00022092667
1541	0.00021075251
1542	0.00022121119
1543	0.00030237327
1544	0.00022518534
1545	0.00045971468
1546	0.00023753457
1547	0.00021224641
1548	0.00022549513
1549	0.00020963284
1550	0.00022485795
1551	0.00031420455
1552	0.00022976541
1553	0.0004317908
1554	0.00023778958
1555	0.00021341261
1556	0.00022756825
1557	0.00017842128
1558	0.00022484904
1559	0.00038812404
1560	0.00022738766
1561	0.00020484385
1562	0.00022103148
1563	0.00018086185
1564	0.00021859634
1565	0.00038109354
1566	0.00022862931
1567	0.00027964753
1568	0.00022965703
1569	0.00035689885
1570	0.00023855952
1571	0.00041797821
1572	0.0002451032
1573	0.00022109507
1574	0.00023421107
1575	0.00017780842
1576	0.00022955217
1577	0.00030771413
1578	0.00023293919
1579	0.00036632145
1580	0.00023475641
1581	0.00021168428
1582	0.00022544213
1583	0.00018336135
1584	0.00022194899
1585	0.000319154
1586	0.00022780475
1587	0.00026590906
