1	0.012031514
2	0.0021716416
3	0.0013369828
4	0.00096918077
5	0.00075049829
6	0.00060823384
7	0.0005056565
8	0.00043224478
9	0.00037575334
10	0.00033457035
11	0.00030275521
12	0.00027743297
13	0.00025558194
14	0.00023853054
15	0.00022278677
16	0.00021114291
17	0.00019794235
18	0.00018976784
19	0.00017896433
20	0.00017289226
21	0.00016262929
22	0.000158414
23	0.00014961559
24	0.00014736814
25	0.00014052541
26	0.0001393583
27	0.0001342247
28	0.00013387322
29	0.00013066906
30	0.00013012394
31	0.00012741769
32	0.00012796711
33	0.00012552615
34	0.00012595231
35	0.00012389972
36	0.00012537543
37	0.00012315195
38	0.00012468973
39	0.00012352173
40	0.00012478757
41	0.00012432495
42	0.00012646681
43	0.00012569866
44	0.00012707775
45	0.00012661327
46	0.00012746417
47	0.00012825395
48	0.00013015147
49	0.00012766097
50	0.000130261
51	0.00012798972
52	0.00013031213
53	0.00012790076
54	0.00013014101
55	0.00012768868
56	0.00012824846
57	0.00012964551
58	0.00013017872
59	0.00012902924
60	0.00012982875
61	0.00012894321
62	0.00012974721
63	0.00012853289
64	0.00012924523
65	0.00012856525
66	0.0001292906
67	0.00012696482
68	0.00012649797
69	0.00012737772
70	0.0001274975
71	0.00012629653
72	0.00012736851
73	0.00012503891
74	0.0001248994
75	0.00012410405
76	0.00012557588
77	0.00012339682
78	0.00012360043
79	0.00012260743
80	0.00012379601
81	0.00011972874
82	0.00012167035
83	0.00011883597
84	0.00011921282
85	0.00011806726
86	0.00011955407
87	0.00011672592
88	0.00011855662
89	0.00011457566
90	0.00011580449
91	0.00011350979
92	0.00011501657
93	0.00011363277
94	0.00011422685
95	0.00011012823
96	0.00011203334
97	0.00011000738
98	0.00010825942
99	0.00010770843
100	0.00010927437
101	0.00010594631
102	0.00010648131
103	0.00010582562
104	0.00010749682
105	0.00010388425
106	0.00010463068
107	0.00010426015
108	0.00010563643
109	0.00010339167
110	0.000105021
111	0.00010314484
112	0.00010455484
113	0.00010257949
114	0.00010390142
115	0.0001021485
116	0.00010360009
117	0.00010171252
118	0.00010061284
119	0.00010067331
120	0.0001013003
121	9.9466595e-05
122	0.00010086683
123	9.8325583e-05
124	9.8450181e-05
125	9.8098887e-05
126	9.86373e-05
127	9.6553452e-05
128	9.798067e-05
129	9.5177296e-05
130	9.6225258e-05
131	9.312999e-05
132	9.4931993e-05
133	9.1914268e-05
134	9.3738763e-05
135	9.0764309e-05
136	9.3227463e-05
137	9.287691e-05
138	9.086491e-05
139	8.8403548e-05
140	9.0976177e-05
141	8.9680772e-05
142	8.9506915e-05
143	8.969101e-05
144	9.0964581e-05
145	8.8018706e-05
146	9.0519132e-05
147	8.7154281e-05
148	8.9944063e-05
149	8.6325882e-05
150	8.9545352e-05
151	8.5939991e-05
152	8.9185573e-05
153	8.6829045e-05
154	8.8869993e-05
155	8.5517999e-05
156	8.8702052e-05
157	8.5437433e-05
158	8.8541773e-05
159	8.5309849e-05
160	8.8367003e-05
161	8.4939488e-05
162	8.8204369e-05
163	8.5673463e-05
164	8.79822e-05
165	8.4144184e-05
166	8.7690005e-05
167	8.5151981e-05
168	8.7149785e-05
169	8.4122984e-05
170	8.6466456e-05
171	8.2979668e-05
172	8.6323294e-05
173	8.2594014e-05
174	8.577051e-05
175	8.2946876e-05
176	8.4622553e-05
177	8.2321647e-05
178	8.3217784e-05
179	8.3334408e-05
180	8.4631973e-05
181	8.2405295e-05
182	8.3953092e-05
183	8.1188281e-05
184	8.2193926e-05
185	8.2264418e-05
186	8.3553202e-05
187	8.2087525e-05
188	8.2290762e-05
189	7.9570196e-05
190	8.1693506e-05
191	7.9877738e-05
192	8.0000559e-05
193	8.0446164e-05
194	8.1451162e-05
195	7.9567877e-05
196	8.1280709e-05
197	7.9072388e-05
198	8.0383317e-05
199	7.8620035e-05
200	7.9678735e-05
201	7.8323584e-05
202	7.9291728e-05
203	7.7671229e-05
204	7.9059101e-05
205	7.7340756e-05
206	7.8746563e-05
207	7.7193586e-05
208	7.8503847e-05
209	7.6688163e-05
210	7.8208559e-05
211	7.624083e-05
212	7.7844345e-05
213	7.6642455e-05
214	7.6561865e-05
215	7.6679001e-05
216	7.7427724e-05
217	7.6017184e-05
218	7.6736395e-05
219	7.4845325e-05
220	7.5174397e-05
221	7.4950426e-05
222	7.5580547e-05
223	7.2252078e-05
224	7.2688923e-05
225	7.1511152e-05
226	7.2734984e-05
227	7.1838806e-05
228	7.2293083e-05
229	7.1563592e-05
230	7.1024318e-05
231	7.1170344e-05
232	7.1886165e-05
233	7.0792248e-05
234	7.1415735e-05
235	7.0662378e-05
236	7.0047708e-05
237	7.0218794e-05
238	7.0979323e-05
239	6.9678249e-05
240	7.0457594e-05
241	6.9049799e-05
242	6.9782206e-05
243	6.8322761e-05
244	6.926897e-05
245	6.7811999e-05
246	6.8750095e-05
247	6.6870253e-05
248	6.8257664e-05
249	6.6653442e-05
250	6.7755304e-05
251	6.6009028e-05
252	6.7352629e-05
253	6.5509308e-05
254	6.7005469e-05
255	6.542603e-05
256	6.5866921e-05
257	6.6125193e-05
258	6.7135041e-05
259	6.5282743e-05
260	6.6525363e-05
261	6.5278472e-05
262	6.5216211e-05
263	6.5327455e-05
264	6.6160248e-05
265	6.4455043e-05
266	6.5454319e-05
267	6.4064256e-05
268	6.4704167e-05
269	6.3530473e-05
270	6.4136659e-05
271	6.2914626e-05
272	6.359802e-05
273	6.2350686e-05
274	6.3034171e-05
275	6.1674238e-05
276	6.246877e-05
277	6.1023986e-05
278	6.1872963e-05
279	6.0311062e-05
280	6.1218227e-05
281	5.9397736e-05
282	6.0612649e-05
283	5.9029338e-05
284	6.002055e-05
285	5.8453377e-05
286	5.946478e-05
287	5.8083532e-05
288	5.8935414e-05
289	5.7255873e-05
290	5.8434762e-05
291	5.662084e-05
292	5.7962675e-05
293	5.6353675e-05
294	5.7574893e-05
295	5.594847e-05
296	5.7233969e-05
297	5.5705044e-05
298	5.6895021e-05
299	5.5414812e-05
300	5.660779e-05
301	5.5138276e-05
302	5.6337225e-05
303	5.50186e-05
304	5.6069194e-05
305	5.4391688e-05
306	5.5784089e-05
307	5.4173064e-05
308	5.5417871e-05
309	5.3760984e-05
310	5.5020152e-05
311	5.3645968e-05
312	5.4598421e-05
313	5.2841139e-05
314	5.4179911e-05
315	5.2505684e-05
316	5.3729467e-05
317	5.1899245e-05
318	5.327295e-05
319	5.1492675e-05
320	5.2847998e-05
321	5.1241906e-05
322	5.242859e-05
323	5.0715236e-05
324	5.2157083e-05
325	5.0637766e-05
326	5.186714e-05
327	5.0410068e-05
328	5.1602289e-05
329	4.9910895e-05
330	5.1362085e-05
331	4.9930501e-05
332	5.1163773e-05
333	4.9706186e-05
334	5.099699e-05
335	4.9476018e-05
336	5.087118e-05
337	4.9416415e-05
338	5.0761196e-05
339	4.9320555e-05
340	5.0497692e-05
341	4.8786581e-05
342	5.0028148e-05
343	4.9641742e-05
344	5.0731792e-05
345	4.9613535e-05
346	5.0484404e-05
347	4.9824663e-05
348	5.0184212e-05
349	4.928681e-05
350	4.9672883e-05
351	4.9005395e-05
352	5.0223959e-05
353	4.9072079e-05
354	5.0412085e-05
355	5.0423856e-05
356	4.9973308e-05
357	4.9001132e-05
358	4.9659989e-05
359	4.8592943e-05
360	4.952e-05
361	4.9008803e-05
362	4.9417715e-05
363	4.8836111e-05
364	4.9329321e-05
365	4.8644616e-05
366	4.9263593e-05
367	4.8126859e-05
368	4.920959e-05
369	4.8287712e-05
370	4.9117379e-05
371	4.8340704e-05
372	4.8421002e-05
373	4.8521835e-05
374	4.9323505e-05
375	4.7904944e-05
376	4.9067128e-05
377	4.856898e-05
378	4.8087534e-05
379	4.823535e-05
380	4.8829577e-05
381	4.7639124e-05
382	4.8810655e-05
383	4.8449959e-05
384	4.8250406e-05
385	4.8296584e-05
386	4.7231721e-05
387	4.7434589e-05
388	4.8105029e-05
389	4.7637833e-05
390	4.7770071e-05
391	4.7806807e-05
392	4.6808815e-05
393	4.7038553e-05
394	4.7703347e-05
395	4.6859686e-05
396	4.7283086e-05
397	4.6550131e-05
398	4.6621118e-05
399	4.6652954e-05
400	4.7306355e-05
401	4.6360777e-05
402	4.732437e-05
403	4.7615377e-05
404	4.6791172e-05
405	4.7134066e-05
406	4.5884979e-05
407	4.6198581e-05
408	4.6841617e-05
409	4.6414269e-05
410	4.6613258e-05
411	4.6951293e-05
412	4.5682811e-05
413	4.5993517e-05
414	4.6618338e-05
415	4.6064858e-05
416	4.6411684e-05
417	4.6329074e-05
418	4.6098628e-05
419	4.5777043e-05
420	4.599876e-05
421	4.5646469e-05
422	4.5976651e-05
423	4.6110681e-05
424	4.5364036e-05
425	4.5927744e-05
426	4.6512153e-05
427	4.5599998e-05
428	4.675656e-05
429	4.6686647e-05
430	4.6363443e-05
431	4.6469606e-05
432	4.5507324e-05
433	4.6023876e-05
434	4.6693358e-05
435	4.5923281e-05
436	4.6510563e-05
437	4.6184239e-05
438	4.6215316e-05
439	4.6257796e-05
440	4.5427592e-05
441	4.6174062e-05
442	4.6742761e-05
443	4.579964e-05
444	4.6384617e-05
445	4.6544552e-05
446	4.5261078e-05
447	4.576046e-05
448	4.6284123e-05
449	4.541979e-05
450	4.5815318e-05
451	4.6198804e-05
452	4.4630917e-05
453	4.5101136e-05
454	4.5570527e-05
455	4.524078e-05
456	4.5063305e-05
457	4.5252516e-05
458	4.4024449e-05
459	4.4499235e-05
460	4.5040869e-05
461	4.4345543e-05
462	4.465313e-05
463	4.4902587e-05
464	4.3665113e-05
465	4.4182446e-05
466	4.4730392e-05
467	4.4289776e-05
468	4.4408522e-05
469	4.4725017e-05
470	4.3490016e-05
471	4.4074582e-05
472	4.4544473e-05
473	4.3718526e-05
474	4.4797527e-05
475	4.6223323e-05
476	4.3780403e-05
477	4.4386358e-05
478	4.4825585e-05
479	4.4605542e-05
480	4.4864008e-05
481	4.5312413e-05
482	4.3862764e-05
483	4.4268731e-05
484	4.4676033e-05
485	4.4000295e-05
486	4.4702247e-05
487	4.6293056e-05
488	4.3484109e-05
489	4.3955377e-05
490	4.4242862e-05
491	4.321664e-05
492	4.4142683e-05
493	4.5446666e-05
494	4.2855049e-05
495	4.3245218e-05
496	4.3471047e-05
497	4.3272915e-05
498	4.3261193e-05
499	4.4004059e-05
500	4.229787e-05
501	4.2624798e-05
502	4.2945625e-05
503	4.2185069e-05
504	4.294327e-05
505	4.4800571e-05
506	4.192539e-05
507	4.2374935e-05
508	4.2638708e-05
509	4.2463433e-05
510	4.2527732e-05
511	4.3958374e-05
512	4.1650432e-05
513	4.1998335e-05
514	4.2321098e-05
515	4.1605446e-05
516	4.2431408e-05
517	4.4538736e-05
518	4.1467752e-05
519	4.203675e-05
520	4.2343838e-05
521	4.1583796e-05
522	4.2313177e-05
523	4.3971e-05
524	4.1392806e-05
525	4.1851417e-05
526	4.2196424e-05
527	4.1427198e-05
528	4.2328699e-05
529	4.4418387e-05
530	4.1277382e-05
531	4.1810863e-05
532	4.2096837e-05
533	4.1454596e-05
534	4.212359e-05
535	4.3788332e-05
536	4.1191988e-05
537	4.1697106e-05
538	4.2034839e-05
539	4.2008114e-05
540	4.2138261e-05
541	4.3411451e-05
542	4.1390385e-05
543	4.1894214e-05
544	4.2317921e-05
545	4.1670276e-05
546	4.2661291e-05
547	4.4672544e-05
548	4.1772094e-05
549	4.2392524e-05
550	4.2720199e-05
551	4.2136964e-05
552	4.2797206e-05
553	4.4485789e-05
554	4.1786814e-05
555	4.2426886e-05
556	4.2694015e-05
557	4.267205e-05
558	4.2626345e-05
559	4.3964544e-05
560	4.1548265e-05
561	4.2260185e-05
562	4.2582058e-05
563	4.1700302e-05
564	4.2682556e-05
565	4.4187747e-05
566	4.1534442e-05
567	4.2348029e-05
568	4.2623208e-05
569	4.2529488e-05
570	4.2515456e-05
571	4.3493623e-05
572	4.1363129e-05
573	4.1991674e-05
574	4.2221151e-05
575	4.1440248e-05
576	4.1874417e-05
577	4.2943194e-05
578	4.0410558e-05
579	4.0802131e-05
580	4.088983e-05
581	4.0510097e-05
582	4.0340285e-05
583	4.1367599e-05
584	3.8896068e-05
585	3.9161836e-05
586	3.9289617e-05
587	3.8794804e-05
588	3.8769035e-05
589	4.028781e-05
590	3.7467548e-05
591	3.7737062e-05
592	3.7907385e-05
593	3.6766904e-05
594	3.7532582e-05
595	3.9837969e-05
596	3.6258136e-05
597	3.660531e-05
598	3.675644e-05
599	3.5901863e-05
600	3.6375158e-05
601	3.8448556e-05
602	3.5309325e-05
603	3.557989e-05
604	3.5793497e-05
605	3.5382864e-05
606	3.5533923e-05
607	3.8190986e-05
608	3.4590182e-05
609	3.4943373e-05
610	3.5226903e-05
611	3.5254221e-05
612	3.505792e-05
613	3.7343475e-05
614	3.4209245e-05
615	3.4536596e-05
616	3.4865567e-05
617	3.3897763e-05
618	3.4785973e-05
619	3.788896e-05
620	3.3738639e-05
621	3.4226334e-05
622	3.447031e-05
623	3.3563735e-05
624	3.4252991e-05
625	3.7210267e-05
626	3.3198772e-05
627	3.3635512e-05
628	3.3860541e-05
629	3.3033291e-05
630	3.3597975e-05
631	3.5782657e-05
632	3.2605347e-05
633	3.2909183e-05
634	3.3156744e-05
635	3.2117246e-05
636	3.2932285e-05
637	3.5660675e-05
638	3.1872211e-05
639	3.2205214e-05
640	3.2421281e-05
641	3.2111317e-05
642	3.2129087e-05
643	3.4501719e-05
644	3.1226291e-05
645	3.140709e-05
646	3.1682771e-05
647	3.0935867e-05
648	3.1432705e-05
649	3.4152691e-05
650	3.0542981e-05
651	3.0710842e-05
652	3.0992051e-05
653	3.0423223e-05
654	3.0781445e-05
655	3.2942657e-05
656	2.9943967e-05
657	3.0033781e-05
658	3.0359007e-05
659	2.9566746e-05
660	3.0209347e-05
661	3.2842561e-05
662	2.9410426e-05
663	2.9547009e-05
664	2.9873865e-05
665	2.9402813e-05
666	2.9774542e-05
667	3.2378153e-05
668	2.9032444e-05
669	2.9175073e-05
670	2.951232e-05
671	2.8974418e-05
672	2.9411995e-05
673	3.2460329e-05
674	2.8703368e-05
675	2.8825781e-05
676	2.9166791e-05
677	2.8664977e-05
678	2.908569e-05
679	3.1757849e-05
680	2.8396355e-05
681	2.8498058e-05
682	2.8831056e-05
683	2.8288387e-05
684	2.8729189e-05
685	3.1235425e-05
686	2.8045367e-05
687	2.8132358e-05
688	2.843593e-05
689	2.7919213e-05
690	2.8305495e-05
691	3.1119453e-05
692	2.7612185e-05
693	2.7737999e-05
694	2.799599e-05
695	2.7408857e-05
696	2.7829317e-05
697	3.3155363e-05
698	2.7109472e-05
699	2.7425086e-05
700	2.765403e-05
701	2.6952603e-05
702	2.7439245e-05
703	2.9534298e-05
704	2.6809417e-05
705	2.6860706e-05
706	2.713981e-05
707	2.6368585e-05
708	2.6961806e-05
709	3.0225645e-05
710	2.6312071e-05
711	2.6451323e-05
712	2.6681187e-05
713	2.6109473e-05
714	2.6508427e-05
715	2.8788843e-05
716	2.5956779e-05
717	2.5982158e-05
718	2.6211314e-05
719	2.5489478e-05
720	2.6037825e-05
721	2.8513329e-05
722	2.5466316e-05
723	2.5504366e-05
724	2.5716096e-05
725	2.5000081e-05
726	2.5483398e-05
727	2.8061555e-05
728	2.494787e-05
729	2.4906487e-05
730	2.5103193e-05
731	2.4393583e-05
732	2.4873355e-05
733	2.7390204e-05
734	2.439885e-05
735	2.4327305e-05
736	2.4541832e-05
737	2.380888e-05
738	2.4360979e-05
739	2.732767e-05
740	2.3966797e-05
741	2.3946922e-05
742	2.4185625e-05
743	2.3896021e-05
744	2.4116831e-05
745	2.6089645e-05
746	2.3821227e-05
747	2.3770712e-05
748	2.4064786e-05
749	2.3379824e-05
750	2.3990996e-05
751	2.6545308e-05
752	2.3659158e-05
753	2.3652522e-05
754	2.3893661e-05
755	2.3456046e-05
756	2.3757378e-05
757	2.5697171e-05
758	2.3391159e-05
759	2.3264738e-05
760	2.346326e-05
761	2.2705309e-05
762	2.3238533e-05
763	2.6096056e-05
764	2.2819661e-05
765	2.2702989e-05
766	2.2844628e-05
767	2.2117843e-05
768	2.2599341e-05
769	2.5261184e-05
770	2.225724e-05
771	2.205552e-05
772	2.2216732e-05
773	2.1510974e-05
774	2.2000343e-05
775	2.5529187e-05
776	2.172853e-05
777	2.1562145e-05
778	2.1721822e-05
779	2.1066506e-05
780	2.1523571e-05
781	2.4065362e-05
782	2.1294645e-05
783	2.1039153e-05
784	2.1234316e-05
785	2.0604126e-05
786	2.1112448e-05
787	2.4311128e-05
788	2.0961841e-05
789	2.0729124e-05
790	2.0942757e-05
791	2.0877617e-05
792	2.0876563e-05
793	2.3304295e-05
794	2.0709377e-05
795	2.0460102e-05
796	2.0676315e-05
797	2.013881e-05
798	2.0572605e-05
799	2.3965945e-05
800	2.042069e-05
801	2.0228921e-05
802	2.0421895e-05
803	2.0042038e-05
804	2.0333278e-05
805	2.3708065e-05
806	2.0158395e-05
807	1.9960773e-05
808	2.0170997e-05
809	2.0023681e-05
810	2.0100083e-05
811	2.2904971e-05
812	1.9921835e-05
813	1.9694371e-05
814	1.9911896e-05
815	1.9392258e-05
816	1.9827036e-05
817	2.188037e-05
818	1.9610792e-05
819	1.9356398e-05
820	1.9635846e-05
821	2.0691248e-05
822	1.9570746e-05
823	2.2101196e-05
824	1.9378371e-05
825	1.9168883e-05
826	1.9382486e-05
827	1.8760257e-05
828	1.9273342e-05
829	2.3429124e-05
830	1.9166835e-05
831	1.8979813e-05
832	1.9168892e-05
833	1.9322605e-05
834	1.911547e-05
835	2.2739961e-05
836	1.8968078e-05
837	1.8696347e-05
838	1.8920333e-05
839	1.9225074e-05
840	1.8882744e-05
841	2.283283e-05
842	1.8780381e-05
843	1.847906e-05
844	1.8687924e-05
845	1.787947e-05
846	1.8521587e-05
847	2.3062041e-05
848	1.8457996e-05
849	1.8197348e-05
850	1.8389739e-05
851	1.83173e-05
852	1.827987e-05
853	2.0961864e-05
854	1.8321687e-05
855	2.337117e-05
856	1.8344377e-05
857	1.7994876e-05
858	1.82389e-05
859	1.7659293e-05
860	1.8084151e-05
861	2.3077104e-05
862	1.8130372e-05
863	1.7753025e-05
864	1.8014086e-05
865	1.7095711e-05
866	1.7838338e-05
867	2.3953432e-05
868	1.7980627e-05
869	1.7648406e-05
870	1.786936e-05
871	1.8218962e-05
872	1.778494e-05
873	1.9424638e-05
874	1.7826226e-05
875	2.1987991e-05
876	1.7861029e-05
877	1.7439844e-05
878	1.7731163e-05
879	1.6974005e-05
880	1.7577877e-05
881	2.2474754e-05
882	1.7716974e-05
883	1.7322742e-05
884	1.7583743e-05
885	1.7384075e-05
886	1.7491916e-05
887	2.1520321e-05
888	1.7612688e-05
889	1.7250157e-05
890	1.7519653e-05
891	1.7415287e-05
892	1.7474513e-05
893	2.003488e-05
894	1.7515055e-05
895	1.7148513e-05
896	1.7466681e-05
897	1.7139923e-05
898	1.7461133e-05
899	2.3187754e-05
900	1.771468e-05
901	1.7413409e-05
902	1.7637732e-05
903	1.724923e-05
904	1.7537357e-05
905	2.153134e-05
906	1.760805e-05
907	1.7234336e-05
908	1.7423849e-05
909	1.6806895e-05
910	1.7206538e-05
911	2.0013914e-05
912	1.7105561e-05
913	1.6724212e-05
914	1.6887608e-05
915	1.7111123e-05
916	1.6737329e-05
917	1.8878186e-05
918	1.6650158e-05
919	1.631051e-05
920	1.652613e-05
921	1.6540785e-05
922	1.6512026e-05
923	2.096093e-05
924	1.6624058e-05
925	1.6446667e-05
926	1.6626069e-05
927	1.6204868e-05
928	1.6564397e-05
929	1.9324885e-05
930	1.6673821e-05
931	1.8879181e-05
932	1.6768355e-05
933	1.8411558e-05
934	1.6831873e-05
935	1.931491e-05
936	1.6786585e-05
937	1.6500203e-05
938	1.6644151e-05
939	1.5909044e-05
940	1.6399031e-05
941	2.0483814e-05
942	1.6299614e-05
943	1.6057665e-05
944	1.615357e-05
945	1.6231568e-05
946	1.5921096e-05
947	1.7941915e-05
948	1.5745969e-05
949	1.5391636e-05
950	1.5539469e-05
951	1.5430567e-05
952	1.5336681e-05
953	1.7580924e-05
954	1.5152895e-05
955	1.4818646e-05
956	1.4976104e-05
957	1.513968e-05
958	1.4815885e-05
959	1.8109708e-05
960	1.4706968e-05
961	1.4406381e-05
962	1.4553898e-05
963	1.4330334e-05
964	1.4382131e-05
965	1.8736728e-05
966	1.4340828e-05
967	1.407914e-05
968	1.4196291e-05
969	1.3756456e-05
970	1.4012702e-05
971	1.7947901e-05
972	1.3958829e-05
973	1.3720058e-05
974	1.3830641e-05
975	1.333172e-05
976	1.3664034e-05
977	1.8229492e-05
978	1.3688202e-05
979	1.3461178e-05
980	1.3569029e-05
981	1.3047246e-05
982	1.3426394e-05
983	1.8547779e-05
984	1.3544902e-05
985	1.3331935e-05
986	1.3429967e-05
987	1.2913308e-05
988	1.3313364e-05
989	1.8068824e-05
990	1.3462764e-05
991	1.3222775e-05
992	1.3339531e-05
993	1.4286472e-05
994	1.338792e-05
995	1.5668582e-05
996	1.3486153e-05
997	1.8140051e-05
998	1.3687622e-05
999	1.3323686e-05
1000	1.349127e-05
1001	1.3171858e-05
1002	1.3424745e-05
1003	1.6903894e-05
1004	1.3509632e-05
1005	1.3175249e-05
1006	1.3343855e-05
1007	1.320703e-05
1008	1.329103e-05
1009	1.7052389e-05
1010	1.339215e-05
1011	1.3031884e-05
1012	1.320739e-05
1013	1.2535536e-05
1014	1.3091871e-05
1015	1.7336897e-05
1016	1.3240833e-05
1017	1.2878281e-05
1018	1.3068134e-05
1019	1.2943238e-05
1020	1.3032191e-05
1021	1.7175717e-05
1022	1.3191846e-05
1023	1.2787419e-05
1024	1.299748e-05
1025	1.233692e-05
1026	1.2925713e-05
1027	1.7182537e-05
1028	1.3095395e-05
1029	1.2681128e-05
1030	1.2876159e-05
1031	1.2188887e-05
1032	1.2766203e-05
1033	1.7234243e-05
1034	1.2950952e-05
1035	1.2536505e-05
1036	1.2701745e-05
1037	1.221637e-05
1038	1.259607e-05
1039	1.6130857e-05
1040	1.279165e-05
1041	1.7341193e-05
1042	1.2922457e-05
1043	1.242678e-05
1044	1.2597791e-05
1045	1.1694089e-05
1046	1.2409921e-05
1047	1.6424307e-05
1048	1.248687e-05
1049	1.2059257e-05
1050	1.2223069e-05
1051	1.1821513e-05
1052	1.2092643e-05
1053	1.4399767e-05
1054	1.2148296e-05
1055	1.3857385e-05
1056	1.2146492e-05
1057	1.389218e-05
1058	1.2182245e-05
1059	1.3680718e-05
1060	1.2155166e-05
1061	1.3270499e-05
1062	1.2144637e-05
1063	1.2721978e-05
1064	1.203251e-05
1065	1.2965522e-05
1066	1.2000272e-05
1067	1.2927474e-05
1068	1.1921389e-05
1069	1.2859924e-05
1070	1.1889108e-05
1071	1.3338068e-05
1072	1.1771381e-05
1073	1.120054e-05
1074	1.1424816e-05
1075	1.0824067e-05
1076	1.1236386e-05
1077	1.2902504e-05
1078	1.1163264e-05
1079	1.0653114e-05
1080	1.0946947e-05
1081	1.2147398e-05
1082	1.0960582e-05
1083	1.3272161e-05
1084	1.091686e-05
1085	1.0392731e-05
1086	1.0620356e-05
1087	9.788927e-06
1088	1.046542e-05
1089	1.3506736e-05
1090	1.0506073e-05
1091	1.0076093e-05
1092	1.0282836e-05
1093	9.5366995e-06
1094	1.0164601e-05
1095	1.3673392e-05
1096	1.0379507e-05
1097	1.3832861e-05
1098	1.0409859e-05
1099	1.0002169e-05
1100	1.0231651e-05
1101	1.1313923e-05
1102	1.0228193e-05
1103	1.2082594e-05
1104	1.0147793e-05
1105	9.6892285e-06
1106	9.9110516e-06
1107	9.1222461e-06
1108	9.7921735e-06
1109	1.4310212e-05
1110	9.9805105e-06
1111	9.5988795e-06
1112	9.7506015e-06
1113	9.0925138e-06
1114	9.6406824e-06
1115	1.3572621e-05
1116	9.7965741e-06
1117	9.3712484e-06
1118	9.5603334e-06
1119	9.6332558e-06
1120	9.5436056e-06
1121	1.0956527e-05
1122	9.5757086e-06
1123	1.1852329e-05
1124	9.6736211e-06
1125	1.0751348e-05
1126	9.681975e-06
1127	1.0170443e-05
1128	9.6021191e-06
1129	1.1793814e-05
1130	9.711174e-06
1131	9.6648547e-06
1132	9.5808103e-06
1133	1.1482117e-05
1134	9.6668906e-06
1135	1.0675705e-05
1136	9.6264235e-06
1137	1.0745088e-05
1138	9.6391248e-06
1139	1.0932447e-05
1140	9.515042e-06
1141	9.0461585e-06
1142	9.2801939e-06
1143	1.2900802e-05
1144	9.5001741e-06
1145	1.1479089e-05
1146	9.42508e-06
1147	8.855551e-06
1148	9.1753879e-06
1149	1.1615431e-05
1150	9.2994545e-06
1151	9.418622e-06
1152	9.1461572e-06
1153	1.1840897e-05
1154	9.1848911e-06
1155	8.6620771e-06
1156	8.9642492e-06
1157	1.0881266e-05
1158	9.0400891e-06
1159	1.2284486e-05
1160	9.0822738e-06
1161	8.5716786e-06
1162	8.8496591e-06
1163	1.0098384e-05
1164	8.8639838e-06
1165	1.0554782e-05
1166	8.7875466e-06
1167	8.287132e-06
1168	8.5506103e-06
1169	7.6334376e-06
1170	8.4290196e-06
1171	1.0956651e-05
1172	8.5414347e-06
1173	1.1706138e-05
1174	8.6222069e-06
1175	8.1704156e-06
1176	8.4573963e-06
1177	9.5193267e-06
1178	8.5001101e-06
1179	1.241047e-05
1180	8.6448236e-06
1181	8.2209535e-06
1182	8.4742525e-06
1183	9.256961e-06
1184	8.4935521e-06
1185	8.1515258e-06
1186	8.3612273e-06
1187	1.0855641e-05
1188	8.3918214e-06
1189	7.974545e-06
1190	8.1902937e-06
1191	7.5666678e-06
1192	8.0981867e-06
1193	9.5373722e-06
1194	8.143987e-06
1195	9.2921726e-06
1196	8.14088e-06
1197	1.1407011e-05
1198	8.2404661e-06
1199	7.8206875e-06
1200	8.0007278e-06
1201	9.033416e-06
1202	8.0470135e-06
1203	9.9908006e-06
1204	8.0253798e-06
1205	7.5207182e-06
1206	7.8049525e-06
1207	6.9898136e-06
1208	7.6991753e-06
1209	1.0967494e-05
1210	7.8985504e-06
1211	1.0264927e-05
1212	7.922074e-06
1213	7.4221207e-06
1214	7.6659781e-06
1215	7.2627819e-06
1216	7.6010515e-06
1217	1.0747226e-05
1218	7.7221643e-06
1219	7.2709113e-06
1220	7.4865064e-06
1221	6.9350805e-06
1222	7.4338483e-06
1223	1.0627288e-05
1224	7.5356088e-06
1225	7.1011651e-06
1226	7.3235804e-06
1227	6.5669206e-06
1228	7.2552644e-06
1229	1.1781185e-05
1230	7.5753003e-06
1231	1.1308332e-05
1232	7.7326355e-06
1233	7.2315342e-06
1234	7.5064348e-06
1235	8.8366866e-06
1236	7.5927936e-06
1237	9.0883123e-06
1238	7.6223169e-06
1239	9.9763951e-06
1240	7.7730293e-06
1241	9.080104e-06
1242	7.7858204e-06
1243	1.0263971e-05
1244	7.8729603e-06
1245	7.302963e-06
1246	7.5679147e-06
1247	6.4299421e-06
1248	7.3931234e-06
1249	9.7807302e-06
1250	7.5402304e-06
1251	8.4374331e-06
1252	7.5300213e-06
1253	9.0137535e-06
1254	7.6196553e-06
1255	9.22519e-06
1256	7.6575741e-06
1257	1.0286828e-05
1258	7.7397165e-06
1259	7.2407178e-06
1260	7.4431394e-06
1261	6.3387609e-06
1262	7.2781726e-06
1263	1.0229807e-05
1264	7.4670334e-06
1265	1.1697613e-05
1266	7.6702158e-06
1267	7.1746929e-06
1268	7.3435399e-06
1269	6.2201955e-06
1270	7.1733379e-06
1271	1.0359059e-05
1272	7.2782606e-06
1273	6.8243887e-06
1274	7.0435312e-06
1275	6.0404986e-06
1276	6.9081087e-06
1277	1.1508253e-05
1278	7.1592865e-06
1279	6.6773811e-06
1280	6.8926158e-06
1281	5.8510046e-06
1282	6.7693537e-06
1283	1.0074e-05
1284	6.8639377e-06
1285	6.4423341e-06
1286	6.6675849e-06
1287	5.680423e-06
1288	6.5841422e-06
1289	1.002558e-05
1290	6.8195872e-06
1291	1.2186951e-05
1292	7.1262705e-06
1293	6.6655484e-06
1294	6.8857334e-06
1295	8.0137858e-06
1296	6.8850162e-06
1297	7.9855262e-06
1298	6.877605e-06
1299	1.102358e-05
1300	7.0959587e-06
1301	6.5925394e-06
1302	6.8085859e-06
1303	5.766384e-06
1304	6.6462724e-06
1305	9.9815128e-06
1306	6.7753284e-06
1307	6.3033126e-06
1308	6.5538704e-06
1309	5.6635278e-06
1310	6.4419872e-06
1311	1.0281267e-05
1312	6.6219734e-06
1313	6.1654987e-06
1314	6.3996745e-06
1315	6.2036851e-06
1316	6.3600082e-06
1317	8.5801802e-06
1318	6.3864695e-06
1319	5.9197213e-06
1320	6.2140422e-06
1321	5.4594908e-06
1322	6.1467341e-06
1323	1.1536111e-05
1324	6.5260721e-06
1325	6.057732e-06
1326	6.2357475e-06
1327	5.357465e-06
1328	6.1236725e-06
1329	1.1396062e-05
1330	6.5093242e-06
1331	5.999256e-06
1332	6.1956059e-06
1333	5.8232378e-06
1334	6.1385348e-06
1335	1.012376e-05
1336	6.3787036e-06
1337	5.8539704e-06
1338	6.1134188e-06
1339	6.2480812e-06
1340	6.1008054e-06
1341	1.0565704e-05
1342	6.4056011e-06
1343	5.8735252e-06
1344	6.0975261e-06
1345	5.2389027e-06
1346	5.9928282e-06
1347	1.0285606e-05
1348	6.2481045e-06
1349	5.8045176e-06
1350	5.9901753e-06
1351	6.3574057e-06
1352	5.983665e-06
1353	9.6424942e-06
1354	6.1662243e-06
1355	5.7009213e-06
1356	5.9398487e-06
1357	5.6326467e-06
1358	5.8950498e-06
1359	9.3244171e-06
1360	6.0112803e-06
1361	5.5566826e-06
1362	5.8316089e-06
1363	5.7126491e-06
1364	5.8121278e-06
1365	1.0237586e-05
1366	6.0685388e-06
1367	5.578106e-06
1368	5.8263926e-06
1369	6.3086211e-06
1370	5.8429399e-06
1371	8.3166161e-06
1372	5.8867796e-06
1373	5.368047e-06
1374	5.7039977e-06
1375	6.0725549e-06
1376	5.7381771e-06
1377	8.8577651e-06
1378	5.8537102e-06
1379	5.3596553e-06
1380	5.6555332e-06
1381	4.7588025e-06
1382	5.5957268e-06
1383	9.1595969e-06
1384	5.8471024e-06
1385	9.2594305e-06
1386	5.9592769e-06
1387	5.431789e-06
1388	5.7247174e-06
1389	4.5997661e-06
1390	5.612887e-06
1391	8.1967903e-06
1392	5.7808043e-06
1393	9.8916514e-06
1394	5.9875887e-06
1395	5.4698834e-06
1396	5.7114762e-06
1397	5.671794e-06
1398	5.6758258e-06
1399	7.332486e-06
1400	5.7906485e-06
1401	1.0181837e-05
1402	6.0201749e-06
1403	5.4746008e-06
1404	5.7379975e-06
1405	5.9257211e-06
1406	5.7125891e-06
1407	7.4752108e-06
1408	5.8326981e-06
1409	9.9073093e-06
1410	6.050725e-06
1411	5.4478042e-06
1412	5.7521032e-06
1413	4.4577862e-06
1414	5.6067332e-06
1415	8.4278759e-06
1416	5.7896873e-06
1417	1.1139331e-05
1418	6.1672729e-06
1419	5.4969294e-06
1420	5.7664762e-06
1421	4.7104813e-06
1422	5.6205096e-06
1423	9.0478486e-06
1424	5.7550045e-06
1425	5.2636358e-06
1426	5.5325709e-06
1427	4.3157943e-06
1428	5.4035124e-06
1429	8.653023e-06
1430	5.5862221e-06
1431	9.9608225e-06
1432	5.7971521e-06
1433	5.2942232e-06
1434	5.5488772e-06
1435	4.6819844e-06
1436	5.4314569e-06
1437	7.7148865e-06
1438	5.5841241e-06
1439	1.0539295e-05
1440	5.8620058e-06
1441	5.4027496e-06
1442	5.5834111e-06
1443	4.3326806e-06
1444	5.4383886e-06
1445	7.1655891e-06
1446	5.523549e-06
1447	9.506737e-06
1448	5.6937616e-06
1449	5.2035539e-06
1450	5.4474341e-06
1451	4.751032e-06
1452	5.3353958e-06
1453	7.9471699e-06
1454	5.3988592e-06
1455	4.9124605e-06
1456	5.2123456e-06
1457	4.7430172e-06
1458	5.1704477e-06
1459	7.6807858e-06
1460	5.2082906e-06
1461	4.7848446e-06
1462	5.0595043e-06
1463	4.3147119e-06
1464	5.0125734e-06
1465	8.977633e-06
1466	5.210356e-06
1467	4.7844525e-06
1468	5.0060428e-06
1469	4.9971816e-06
1470	5.0181257e-06
1471	8.2340123e-06
1472	5.1377871e-06
1473	4.6840482e-06
1474	4.9617074e-06
1475	3.9384495e-06
1476	4.8997264e-06
1477	7.1391145e-06
1478	5.0497984e-06
1479	6.8449103e-06
1480	5.1136352e-06
1481	7.5799549e-06
1482	5.1421649e-06
1483	4.7336459e-06
1484	5.0058053e-06
1485	3.9581553e-06
1486	4.8821324e-06
1487	7.827701e-06
1488	5.0892593e-06
1489	7.4995382e-06
1490	5.0976648e-06
1491	4.6801947e-06
1492	4.9160943e-06
1493	4.3958787e-06
1494	4.8390023e-06
1495	9.1484639e-06
1496	5.1275653e-06
1497	4.6774763e-06
1498	4.8546898e-06
1499	3.8126439e-06
1500	4.7350081e-06
1501	8.9749552e-06
1502	5.0025294e-06
1503	4.5813487e-06
1504	4.7348342e-06
1505	4.9727184e-06
1506	4.7397607e-06
1507	6.5050754e-06
1508	4.8612009e-06
1509	8.5097066e-06
1510	5.0135219e-06
1511	4.5187731e-06
1512	4.7915446e-06
1513	3.7993277e-06
1514	4.6881438e-06
1515	7.4663573e-06
1516	4.8598224e-06
1517	5.7369332e-06
1518	4.8420647e-06
1519	8.3872812e-06
1520	5.002473e-06
1521	4.5525599e-06
1522	4.8045612e-06
1523	3.7847297e-06
1524	4.6900339e-06
1525	7.1891675e-06
1526	4.7079505e-06
1527	4.2921186e-06
1528	4.5791403e-06
1529	4.7820988e-06
1530	4.5919243e-06
1531	6.5675878e-06
1532	4.581556e-06
1533	4.1658811e-06
1534	4.4764066e-06
1535	4.2459194e-06
1536	4.4729349e-06
1537	7.1525708e-06
1538	4.5075516e-06
1539	4.0991111e-06
1540	4.388819e-06
1541	4.2075205e-06
1542	4.3905149e-06
1543	5.7824743e-06
1544	4.4755403e-06
1545	8.6721489e-06
1546	4.6872754e-06
1547	4.2312022e-06
1548	4.493565e-06
1549	4.2009623e-06
1550	4.4735573e-06
1551	5.9761558e-06
1552	4.5719114e-06
1553	8.1518936e-06
1554	4.6995621e-06
1555	4.2592859e-06
1556	4.540113e-06
1557	3.5101133e-06
1558	4.4773134e-06
1559	7.3103485e-06
1560	4.5223672e-06
1561	4.0968943e-06
1562	4.4169223e-06
1563	3.5966224e-06
1564	4.3634165e-06
1565	7.1308944e-06
1566	4.5470678e-06
1567	5.4581746e-06
1568	4.5673034e-06
1569	6.8886524e-06
1570	4.7592074e-06
1571	7.863442e-06
1572	4.8356487e-06
1573	4.4357815e-06
1574	4.6841949e-06
1575	3.5164919e-06
1576	4.5859451e-06
1577	5.9665872e-06
1578	4.6675769e-06
1579	6.9847871e-06
1580	4.6698736e-06
1581	4.2578854e-06
1582	4.5246327e-06
1583	3.6729865e-06
1584	4.4543785e-06
1585	6.1261581e-06
1586	4.5772528e-06
1587	5.1826163e-06
