1	1
2	0.67256738
3	0.6818272
4	0.60871146
5	0.69028206
6	0.59713154
7	0.66992885
8	0.59987398
9	0.6759926
10	0.6019374
11	0.72713319
12	0.49310777
13	0.71411124
14	0.52602897
15	0.78098958
16	0.45144522
17	0.76496709
18	0.43809559
19	0.74892925
20	0.40772339
21	0.72844243
22	0.35750866
23	0.70079532
24	0.31879496
25	0.69630948
26	0.28691938
27	0.68387092
28	0.26826948
29	0.64381326
30	0.24897956
31	0.67582772
32	0.2988856
33	0.71805386
34	0.27239032
35	0.75392498
36	0.28597872
37	0.78792155
38	0.30948938
39	0.82404314
40	0.32164065
41	0.79579599
42	0.31922537
43	0.86147703
44	0.3588356
45	0.87279769
46	0.38795357
47	0.80622226
48	0.32324158
49	0.87308867
50	0.38591603
51	0.88108402
52	0.39443359
53	0.88213897
54	0.40281616
55	0.8901967
56	0.42779738
57	0.85070223
58	0.36948376
59	0.85183569
60	0.38176608
61	0.83277106
62	0.38635711
63	0.83534427
64	0.42934958
65	0.83738253
66	0.37461144
67	0.88679318
68	0.46832358
69	0.84803069
70	0.53172979
71	0.83386255
72	0.39939446
73	0.88577362
74	0.50198941
75	0.82341883
76	0.4220118
77	0.87646011
78	0.53464445
79	0.73688701
80	0.37633212
81	0.86935918
82	0.40962041
83	0.87793114
84	0.42401367
85	0.82515325
86	0.46133192
87	0.81514559
88	0.35731809
89	0.85711334
90	0.43137744
91	0.81196684
92	0.48450906
93	0.68398
94	0.3007473
95	0.83800574
96	0.34967189
97	0.8890737
98	0.41945083
99	0.75556819
100	0.30682119
101	0.87800402
102	0.41680956
103	0.76194778
104	0.30761941
105	0.88048979
106	0.42824331
107	0.77167207
108	0.31621583
109	0.80334726
110	0.33895197
111	0.78247502
112	0.32509508
113	0.78541631
114	0.33187434
115	0.77526958
116	0.31502085
117	0.89291516
118	0.45589233
119	0.76492095
120	0.32952849
121	0.80246242
122	0.34030997
123	0.87966652
124	0.44503447
125	0.76896245
126	0.34356437
127	0.82115278
128	0.36386864
129	0.87782858
130	0.42223837
131	0.84888284
132	0.41490561
133	0.86725618
134	0.43392972
135	0.85960424
136	0.50956432
137	0.90406185
138	0.492447
139	0.84656821
140	0.42944072
141	0.899713
142	0.51128341
143	0.76741012
144	0.36446753
145	0.87731393
146	0.45118485
147	0.86688128
148	0.44427061
149	0.86297197
150	0.45023531
151	0.86074407
152	0.45454414
153	0.88686384
154	0.47739629
155	0.87178629
156	0.47328085
157	0.8777911
158	0.48811249
159	0.87827288
160	0.47500888
161	0.87168914
162	0.47624255
163	0.88667681
164	0.46748229
165	0.86857502
166	0.44612911
167	0.89389807
168	0.45838988
169	0.89005894
170	0.44054424
171	0.87338056
172	0.42045861
173	0.88486309
174	0.45881817
175	0.90558102
176	0.46117396
177	0.90260479
178	0.50688334
179	0.77691189
180	0.34456162
181	0.9009313
182	0.45302834
183	0.89338496
184	0.50015051
185	0.79551522
186	0.35566399
187	0.90532152
188	0.46463251
189	0.8912161
190	0.43891452
191	0.90109924
192	0.51848101
193	0.82679116
194	0.40065103
195	0.82240604
196	0.37733853
197	0.89313497
198	0.45107827
199	0.89629487
200	0.46839546
201	0.89076536
202	0.4705397
203	0.89584803
204	0.47260657
205	0.89992687
206	0.47721731
207	0.90284607
208	0.48035342
209	0.90197693
210	0.47941253
211	0.90330751
212	0.483547
213	0.91093303
214	0.54478181
215	0.79512829
216	0.37720033
217	0.90679032
218	0.48665096
219	0.90147038
220	0.52525717
221	0.79426554
222	0.54650987
223	0.84831884
224	0.45854014
225	0.87856757
226	0.43927213
227	0.89743568
228	0.45805334
229	0.9028559
230	0.52546978
231	0.79395714
232	0.35684707
233	0.90027378
234	0.45664951
235	0.90591029
236	0.5358943
237	0.79600308
238	0.3604526
239	0.89962727
240	0.45415155
241	0.90150681
242	0.45381095
243	0.90185856
244	0.45789507
245	0.90380461
246	0.46143052
247	0.90123041
248	0.46178386
249	0.90579606
250	0.46949046
251	0.9057925
252	0.47026511
253	0.90522179
254	0.46995489
255	0.90891919
256	0.53660145
257	0.8323979
258	0.38311094
259	0.89990884
260	0.46280035
261	0.90926827
262	0.5312759
263	0.82164545
264	0.3729832
265	0.89933906
266	0.45686709
267	0.90572103
268	0.4630287
269	0.90757049
270	0.46927944
271	0.90760153
272	0.4713268
273	0.90896104
274	0.47379962
275	0.90912905
276	0.47621672
277	0.90987532
278	0.47654044
279	0.90970739
280	0.47855467
281	0.90742799
282	0.47738282
283	0.90984471
284	0.48091776
285	0.91069995
286	0.48146434
287	0.91299059
288	0.48449402
289	0.91034111
290	0.48107404
291	0.90913564
292	0.48293634
293	0.91143398
294	0.48498159
295	0.91137004
296	0.48569049
297	0.91316117
298	0.48781621
299	0.91382024
300	0.48780556
301	0.91418695
302	0.48710198
303	0.91662667
304	0.48981944
305	0.91362438
306	0.48545514
307	0.91546906
308	0.48856901
309	0.91550968
310	0.48734778
311	0.91854856
312	0.48917434
313	0.91544005
314	0.48670042
315	0.91712365
316	0.48896271
317	0.91527816
318	0.48847299
319	0.91605648
320	0.49001381
321	0.91727618
322	0.49560709
323	0.9134835
324	0.48236101
325	0.91713018
326	0.48884377
327	0.91814262
328	0.48926832
329	0.91587771
330	0.48800957
331	0.91818458
332	0.4900686
333	0.91793499
334	0.48856736
335	0.9176857
336	0.48982676
337	0.91742924
338	0.48642689
339	0.91812052
340	0.50812983
341	0.90707074
342	0.52296145
343	0.84477595
344	0.38828287
345	0.91434587
346	0.47657756
347	0.92180822
348	0.47755368
349	0.91884875
350	0.51046129
351	0.88999069
352	0.46378086
353	0.86806266
354	0.39041104
355	0.92427586
356	0.47964999
357	0.91843444
358	0.47535555
359	0.9129044
360	0.46487512
361	0.92069391
362	0.47485124
363	0.92155102
364	0.47538016
365	0.92166084
366	0.47748191
367	0.91921279
368	0.47565407
369	0.92162962
370	0.47796046
371	0.92375517
372	0.55951187
373	0.82430052
374	0.37047182
375	0.91099454
376	0.46214244
377	0.92384995
378	0.55024893
379	0.83557972
380	0.40200964
381	0.870586
382	0.38927891
383	0.92363057
384	0.45854193
385	0.92758739
386	0.54841983
387	0.83134273
388	0.36165444
389	0.91817586
390	0.46190695
391	0.92697595
392	0.54502047
393	0.82904963
394	0.35849346
395	0.91499035
396	0.45500148
397	0.91661977
398	0.51444451
399	0.86061037
400	0.41409693
401	0.87264568
402	0.37724603
403	0.92674373
404	0.45323931
405	0.9290046
406	0.54121598
407	0.82869467
408	0.35247918
409	0.91772625
410	0.44570747
411	0.92912925
412	0.54163286
413	0.82796154
414	0.35091585
415	0.91689365
416	0.44342376
417	0.92549271
418	0.44807101
419	0.92299069
420	0.44913267
421	0.92292842
422	0.4524561
423	0.928323
424	0.55115346
425	0.84158059
426	0.39855422
427	0.87626588
428	0.38780761
429	0.9277292
430	0.44562212
431	0.92971079
432	0.54212668
433	0.82846575
434	0.34523856
435	0.91730798
436	0.43758354
437	0.92512542
438	0.44084738
439	0.92899168
440	0.5428437
441	0.82351698
442	0.34082156
443	0.91539227
444	0.43525533
445	0.93129918
446	0.54272128
447	0.82539566
448	0.33772809
449	0.91734343
450	0.43338548
451	0.9326265
452	0.54262532
453	0.82421176
454	0.33520213
455	0.92239136
456	0.44131252
457	0.93183773
458	0.53626479
459	0.82362352
460	0.33222898
461	0.91934078
462	0.42907298
463	0.93207777
464	0.53649616
465	0.82294784
466	0.32864308
467	0.92193636
468	0.43106146
469	0.93377618
470	0.5374572
471	0.82357987
472	0.36559913
473	0.88382206
474	0.37829525
475	0.93974518
476	0.5546006
477	0.83033811
478	0.36397154
479	0.90678781
480	0.42643633
481	0.93592528
482	0.53934747
483	0.82423035
484	0.36088268
485	0.9024636
486	0.3997603
487	0.94265102
488	0.55186197
489	0.83015923
490	0.36122532
491	0.88354046
492	0.36251283
493	0.94102181
494	0.55281423
495	0.83177782
496	0.36128075
497	0.90728036
498	0.42231583
499	0.93746633
500	0.53853417
501	0.82775227
502	0.36174089
503	0.89526686
504	0.37869792
505	0.94280703
506	0.55486893
507	0.83578864
508	0.36662816
509	0.90554834
510	0.42512952
511	0.94086784
512	0.55032235
513	0.83036199
514	0.36632504
515	0.88293429
516	0.36386152
517	0.94319165
518	0.56666557
519	0.84664311
520	0.38046625
521	0.88728854
522	0.39882065
523	0.94172224
524	0.56316817
525	0.83247553
526	0.37044232
527	0.88349636
528	0.37038182
529	0.94471652
530	0.57288304
531	0.83649765
532	0.37269698
533	0.88836395
534	0.40250375
535	0.94276961
536	0.57044774
537	0.83594974
538	0.37678168
539	0.90705708
540	0.43709323
541	0.94124314
542	0.56360331
543	0.83646363
544	0.37889676
545	0.88074841
546	0.37178795
547	0.9451238
548	0.58043931
549	0.8396936
550	0.38053368
551	0.89068483
552	0.40816041
553	0.94550995
554	0.58320196
555	0.84158157
556	0.38433228
557	0.90678291
558	0.44838899
559	0.94724207
560	0.58482871
561	0.84351714
562	0.388664
563	0.89229968
564	0.39134145
565	0.94808055
566	0.58761512
567	0.84490115
568	0.38534932
569	0.91054393
570	0.45049261
571	0.94905086
572	0.58929348
573	0.84611411
574	0.38936379
575	0.90286918
576	0.43213483
577	0.94878785
578	0.59641411
579	0.84807402
580	0.39121731
581	0.9116643
582	0.45505431
583	0.94911727
584	0.59376554
585	0.84817881
586	0.39238119
587	0.91158131
588	0.45082224
589	0.95021971
590	0.59724011
591	0.84869798
592	0.39316882
593	0.88956916
594	0.38536446
595	0.95002938
596	0.60476441
597	0.85180087
598	0.39331044
599	0.89846207
600	0.42500407
601	0.94888544
602	0.59628002
603	0.850135
604	0.39176014
605	0.90605521
606	0.43862428
607	0.95068184
608	0.60372083
609	0.84977602
610	0.39410801
611	0.91388221
612	0.46041422
613	0.95032298
614	0.59818065
615	0.84915428
616	0.39462016
617	0.89016151
618	0.38143255
619	0.95119766
620	0.60889063
621	0.85207809
622	0.39314459
623	0.89815934
624	0.41576513
625	0.95283518
626	0.60769928
627	0.8521152
628	0.39394324
629	0.90095657
630	0.42180569
631	0.94877162
632	0.59342217
633	0.85151959
634	0.39228517
635	0.89867245
636	0.39165481
637	0.94974236
638	0.59686739
639	0.8547491
640	0.39167674
641	0.91462945
642	0.45010862
643	0.95122964
644	0.58967058
645	0.85169855
646	0.39019552
647	0.91174029
648	0.4251809
649	0.95102078
650	0.59012554
651	0.85338882
652	0.38853144
653	0.914002
654	0.43102995
655	0.94939347
656	0.57958193
657	0.85259664
658	0.38604607
659	0.90897614
660	0.41117847
661	0.95026451
662	0.58203194
663	0.85353737
664	0.38382671
665	0.91454376
666	0.42628255
667	0.95047639
668	0.57951219
669	0.85499775
670	0.38614072
671	0.91433876
672	0.42579137
673	0.95206964
674	0.58476853
675	0.85532783
676	0.38593364
677	0.91607695
678	0.42923544
679	0.95094599
680	0.57832694
681	0.85626207
682	0.38668447
683	0.91405321
684	0.42218101
685	0.95066451
686	0.57660423
687	0.85623887
688	0.38642667
689	0.91485778
690	0.42101042
691	0.95186191
692	0.57989582
693	0.8577793
694	0.3866031
695	0.91425625
696	0.41867152
697	0.95940562
698	0.61595759
699	0.85641645
700	0.38863529
701	0.91638606
702	0.44886957
703	0.95070656
704	0.57662499
705	0.85920557
706	0.39061083
707	0.91696524
708	0.41008457
709	0.95309187
710	0.58570245
711	0.85583241
712	0.38617989
713	0.91864711
714	0.43254437
715	0.95077081
716	0.574288
717	0.85352795
718	0.38787398
719	0.91432798
720	0.41928499
721	0.95097203
722	0.57587061
723	0.85333468
724	0.39068583
725	0.91534763
726	0.43474604
727	0.95191526
728	0.57955881
729	0.85119141
730	0.38586393
731	0.91457361
732	0.42987164
733	0.95140023
734	0.57697896
735	0.85124477
736	0.38630195
737	0.91112837
738	0.42171515
739	0.95280459
740	0.58327619
741	0.85166961
742	0.3854332
743	0.91987259
744	0.45658021
745	0.95041582
746	0.57226633
747	0.85070016
748	0.38718617
749	0.91536388
750	0.43027408
751	0.95213893
752	0.57817781
753	0.85147248
754	0.38487127
755	0.92187909
756	0.4526755
757	0.95061906
758	0.57170989
759	0.85067393
760	0.38500382
761	0.91506526
762	0.42188883
763	0.95298237
764	0.58182475
765	0.85183216
766	0.3845141
767	0.91518313
768	0.42893119
769	0.95141071
770	0.57586128
771	0.85010314
772	0.38343785
773	0.91451932
774	0.43258085
775	0.95418423
776	0.58523967
777	0.85142535
778	0.3862163
779	0.91654475
780	0.44306588
781	0.94913103
782	0.56954096
783	0.84710678
784	0.38704697
785	0.91322088
786	0.43786462
787	0.95170002
788	0.58045583
789	0.8467371
790	0.38945056
791	0.91732586
792	0.4750007
793	0.94968331
794	0.57601327
795	0.84943236
796	0.39358861
797	0.91367434
798	0.4359585
799	0.95240007
800	0.58253715
801	0.85180218
802	0.38616738
803	0.91815753
804	0.44130368
805	0.9542187
806	0.58282527
807	0.84970827
808	0.38969395
809	0.91489712
810	0.45926635
811	0.95262805
812	0.58927722
813	0.85354427
814	0.40687294
815	0.9156944
816	0.44135165
817	0.94762101
818	0.56930575
819	0.84573727
820	0.37687098
821	0.93887053
822	0.47969268
823	0.94907337
824	0.56934822
825	0.85055839
826	0.3994029
827	0.89824247
828	0.40443752
829	0.9548413
830	0.60304967
831	0.85718437
832	0.4010079
833	0.9127366
834	0.46759935
835	0.9557168
836	0.60292849
837	0.85203859
838	0.40711504
839	0.92196114
840	0.48240619
841	0.95738455
842	0.60623012
843	0.85226974
844	0.40329988
845	0.89915317
846	0.42354353
847	0.95601521
848	0.61012524
849	0.85558911
850	0.4016899
851	0.91531652
852	0.47134806
853	0.94748131
854	0.50914589
855	0.95906061
856	0.60717681
857	0.8496091
858	0.40039533
859	0.91339574
860	0.46103263
861	0.96027917
862	0.62113367
863	0.85578899
864	0.40801328
865	0.9086036
866	0.43991984
867	0.96273363
868	0.63514345
869	0.85783296
870	0.41285396
871	0.92385865
872	0.51751043
873	0.94625357
874	0.51848775
875	0.95744049
876	0.60782433
877	0.8558174
878	0.41508492
879	0.92176136
880	0.47306878
881	0.96129793
882	0.61655235
883	0.85443946
884	0.40605808
885	0.92204385
886	0.47924021
887	0.95883477
888	0.60430253
889	0.85610798
890	0.40125989
891	0.9228156
892	0.47599142
893	0.95150409
894	0.57558823
895	0.85556628
896	0.39683377
897	0.92225593
898	0.4510379
899	0.96253015
900	0.61756696
901	0.85059319
902	0.39834462
903	0.9156748
904	0.46704681
905	0.95855138
906	0.60356713
907	0.85303503
908	0.40062081
909	0.9091158
910	0.45317953
911	0.95213377
912	0.58377071
913	0.85410203
914	0.40126742
915	0.9231581
916	0.49006743
917	0.94798545
918	0.57135035
919	0.85002746
920	0.404938
921	0.92502691
922	0.46769017
923	0.9584324
924	0.60383307
925	0.8560374
926	0.40685954
927	0.90800891
928	0.44978344
929	0.95104982
930	0.50638376
931	0.94904757
932	0.50383313
933	0.94639012
934	0.51464611
935	0.95450614
936	0.59446697
937	0.85336122
938	0.40538014
939	0.90869175
940	0.44529175
941	0.95964547
942	0.61473023
943	0.85623236
944	0.40150953
945	0.92273505
946	0.4937241
947	0.95016473
948	0.57942488
949	0.85567187
950	0.39808653
951	0.9214404
952	0.46645595
953	0.94867416
954	0.57045195
955	0.85356235
956	0.39649272
957	0.92369394
958	0.47990636
959	0.95489598
960	0.59432326
961	0.85427327
962	0.41028796
963	0.92434934
964	0.47605826
965	0.95868746
966	0.60592283
967	0.85450923
968	0.40800816
969	0.90907539
970	0.4603733
971	0.95688845
972	0.60702754
973	0.85301718
974	0.40838469
975	0.90332803
976	0.45325619
977	0.95843382
978	0.61722795
979	0.85321766
980	0.41209725
981	0.90231016
982	0.4507003
983	0.95985667
984	0.62364831
985	0.85343491
986	0.40964029
987	0.90403617
988	0.44914593
989	0.95735563
990	0.60894948
991	0.85537188
992	0.40031295
993	0.92493941
994	0.49911008
995	0.94774419
996	0.50212402
997	0.95770599
998	0.60381674
999	0.85510185
1000	0.3950618
1001	0.91564976
1002	0.45168673
1003	0.95660071
1004	0.59445723
1005	0.86102556
1006	0.39421526
1007	0.91924819
1008	0.44576611
1009	0.95727545
1010	0.59605366
1011	0.86311349
1012	0.39442624
1013	0.90593556
1014	0.40482682
1015	0.95728631
1016	0.60029108
1017	0.86187338
1018	0.39653479
1019	0.91904117
1020	0.47420921
1021	0.95945537
1022	0.61377915
1023	0.8577321
1024	0.42267183
1025	0.90614181
1026	0.48002194
1027	0.959568
1028	0.62474327
1029	0.85596923
1030	0.42034665
1031	0.9030589
1032	0.47162268
1033	0.96019187
1034	0.62922699
1035	0.85693655
1036	0.41440376
1037	0.90683824
1038	0.48039923
1039	0.95680031
1040	0.54165236
1041	0.96160362
1042	0.61438446
1043	0.85259708
1044	0.41292847
1045	0.90008817
1046	0.45145832
1047	0.95845601
1048	0.61666033
1049	0.8531869
1050	0.41042724
1051	0.91200377
1052	0.48120598
1053	0.9513018
1054	0.51550527
1055	0.9465481
1056	0.50727922
1057	0.94899226
1058	0.52240373
1059	0.95023847
1060	0.5199004
1061	0.94828733
1062	0.5247218
1063	0.94595685
1064	0.51517261
1065	0.94705398
1066	0.52286611
1067	0.9480292
1068	0.52444037
1069	0.94774798
1070	0.5406346
1071	0.95124317
1072	0.58975587
1073	0.85737213
1074	0.41694067
1075	0.91104444
1076	0.47782251
1077	0.94859808
1078	0.585785
1079	0.85146809
1080	0.42390419
1081	0.93756774
1082	0.54665139
1083	0.95057576
1084	0.59006955
1085	0.8520552
1086	0.42029272
1087	0.89213778
1088	0.4482609
1089	0.95185768
1090	0.60232776
1091	0.85269347
1092	0.42521835
1093	0.89290235
1094	0.4593178
1095	0.95283814
1096	0.54930636
1097	0.95813507
1098	0.60694217
1099	0.84652766
1100	0.42432804
1101	0.93857047
1102	0.53308023
1103	0.94780696
1104	0.57805686
1105	0.84795621
1106	0.41577644
1107	0.89113972
1108	0.43928794
1109	0.95706695
1110	0.61977735
1111	0.8509892
1112	0.41029858
1113	0.89607367
1114	0.44787502
1115	0.95500467
1116	0.602109
1117	0.85094121
1118	0.40564042
1119	0.91330795
1120	0.46987749
1121	0.94045411
1122	0.49736492
1123	0.94831331
1124	0.51668502
1125	0.9409048
1126	0.52319751
1127	0.93462763
1128	0.51755261
1129	0.95030662
1130	0.54364878
1131	0.93028786
1132	0.51900885
1133	0.94963963
1134	0.54631737
1135	0.94560878
1136	0.53691566
1137	0.94664999
1138	0.54642236
1139	0.94869569
1140	0.58323385
1141	0.84915732
1142	0.41462215
1143	0.95090093
1144	0.57960476
1145	0.95262887
1146	0.59890262
1147	0.85085763
1148	0.43134957
1149	0.9485938
1150	0.56822291
1151	0.92926717
1152	0.52705068
1153	0.95368254
1154	0.6027914
1155	0.84617936
1156	0.43061051
1157	0.9467112
1158	0.55787566
1159	0.95858792
1160	0.60769009
1161	0.84268418
1162	0.42512874
1163	0.94129801
1164	0.54134897
1165	0.94714212
1166	0.57055916
1167	0.8490736
1168	0.407199
1169	0.88743428
1170	0.42980192
1171	0.94921815
1172	0.5218207
1173	0.95514904
1174	0.59367602
1175	0.84395334
1176	0.41639041
1177	0.93984988
1178	0.54152874
1179	0.96003846
1180	0.61621672
1181	0.83869902
1182	0.43495767
1183	0.93912571
1184	0.55116775
1185	0.9140429
1186	0.52912425
1187	0.95225859
1188	0.60075279
1189	0.84139724
1190	0.41363371
1191	0.89641045
1192	0.46529618
1193	0.93899921
1194	0.51128403
1195	0.93842413
1196	0.51085887
1197	0.95442134
1198	0.59971565
1199	0.85042559
1200	0.40721272
1201	0.92717601
1202	0.50709551
1203	0.94941388
1204	0.57902859
1205	0.85211575
1206	0.40870435
1207	0.89922598
1208	0.42458708
1209	0.9532642
1210	0.50771282
1211	0.95129021
1212	0.57325658
1213	0.84858226
1214	0.39695081
1215	0.90987597
1216	0.44406201
1217	0.95480995
1218	0.59704939
1219	0.84987339
1220	0.41214056
1221	0.90185194
1222	0.45763166
1223	0.95389233
1224	0.59932586
1225	0.85063271
1226	0.41769218
1227	0.89181655
1228	0.43357833
1229	0.95642699
1230	0.53044686
1231	0.95820565
1232	0.59762789
1233	0.84302071
1234	0.40829614
1235	0.93940765
1236	0.53317159
1237	0.94275865
1238	0.51463895
1239	0.95032394
1240	0.5290603
1241	0.94584882
1242	0.51839723
1243	0.95402808
1244	0.59371801
1245	0.8433121
1246	0.39310953
1247	0.8955698
1248	0.41258102
1249	0.95090893
1250	0.49627587
1251	0.9433131
1252	0.47890994
1253	0.94775326
1254	0.49527736
1255	0.95045084
1256	0.50161722
1257	0.95709472
1258	0.60352257
1259	0.84572651
1260	0.40020111
1261	0.8993755
1262	0.4370953
1263	0.95229651
1264	0.51885361
1265	0.96251788
1266	0.61736314
1267	0.84549716
1268	0.39183285
1269	0.90800061
1270	0.4251355
1271	0.95509171
1272	0.59647325
1273	0.85409118
1274	0.39159013
1275	0.89925159
1276	0.41920182
1277	0.96014806
1278	0.62382622
1279	0.84592431
1280	0.40149001
1281	0.89893286
1282	0.45354664
1283	0.95486245
1284	0.60467131
1285	0.84734596
1286	0.41858501
1287	0.89391066
1288	0.45619213
1289	0.95233676
1290	0.5361173
1291	0.96484275
1292	0.6261625
1293	0.84421923
1294	0.39626565
1295	0.94300217
1296	0.52128411
1297	0.9433474
1298	0.49504157
1299	0.96047564
1300	0.61553771
1301	0.84612263
1302	0.39135703
1303	0.90809051
1304	0.43059611
1305	0.95769038
1306	0.60139903
1307	0.85554341
1308	0.38819212
1309	0.90965281
1310	0.42787415
1311	0.95961425
1312	0.60895441
1313	0.854082
1314	0.39267003
1315	0.91903497
1316	0.46029637
1317	0.95191856
1318	0.57637311
1319	0.85840406
1320	0.39546513
1321	0.91261371
1322	0.42433313
1323	0.96356655
1324	0.6267983
1325	0.85590021
1326	0.38850038
1327	0.91089792
1328	0.42090172
1329	0.96193939
1330	0.62142936
1331	0.85808041
1332	0.38970321
1333	0.91928363
1334	0.45789345
1335	0.95921192
1336	0.60487841
1337	0.86029213
1338	0.39352974
1339	0.92384133
1340	0.46866913
1341	0.96206146
1342	0.61462892
1343	0.85847579
1344	0.39204326
1345	0.91482526
1346	0.42612659
1347	0.96005785
1348	0.60968939
1349	0.85928246
1350	0.38589035
1351	0.92478307
1352	0.47136211
1353	0.95935142
1354	0.60428559
1355	0.86022849
1356	0.39679464
1357	0.92046776
1358	0.46549512
1359	0.95531556
1360	0.59108053
1361	0.86109415
1362	0.39327079
1363	0.92148917
1364	0.45339727
1365	0.96042408
1366	0.61037335
1367	0.86075109
1368	0.39196757
1369	0.9291477
1370	0.48850766
1371	0.95272351
1372	0.58377671
1373	0.86257985
1374	0.39751614
1375	0.93159948
1376	0.4903227
1377	0.95599005
1378	0.59499313
1379	0.86281484
1380	0.40039749
1381	0.91260715
1382	0.43334139
1383	0.95720983
1384	0.50014197
1385	0.95699472
1386	0.59126637
1387	0.85944469
1388	0.40072201
1389	0.90492975
1390	0.42310142
1391	0.95067465
1392	0.4937869
1393	0.96039481
1394	0.60815318
1395	0.85754598
1396	0.39805615
1397	0.92427749
1398	0.48427062
1399	0.9493177
1400	0.48272635
1401	0.96007661
1402	0.61058706
1403	0.85906865
1404	0.38910934
1405	0.92758374
1406	0.48416914
1407	0.95098685
1408	0.47808247
1409	0.95964511
1410	0.60865125
1411	0.85983992
1412	0.39116685
1413	0.90657466
1414	0.41610115
1415	0.95493699
1416	0.48585549
1417	0.96543441
1418	0.62492299
1419	0.85144493
1420	0.38947074
1421	0.91761761
1422	0.44970019
1423	0.95984157
1424	0.61065852
1425	0.85974357
1426	0.3967854
1427	0.90702918
1428	0.42068994
1429	0.95431043
1430	0.49495331
1431	0.96234618
1432	0.6100861
1433	0.84889545
1434	0.38977243
1435	0.91843776
1436	0.46520211
1437	0.95468563
1438	0.501932
1439	0.96480883
1440	0.63050756
1441	0.8518108
1442	0.40867999
1443	0.90315543
1444	0.43377999
1445	0.94930267
1446	0.48662321
1447	0.96172055
1448	0.6108955
1449	0.84936476
1450	0.38781368
1451	0.91713679
1452	0.46505779
1453	0.95622434
1454	0.59570917
1455	0.857993
1456	0.39651029
1457	0.91828789
1458	0.46548695
1459	0.95506791
1460	0.59164498
1461	0.85623596
1462	0.40117025
1463	0.91372273
1464	0.45944701
1465	0.95953461
1466	0.61620414
1467	0.85953369
1468	0.41062895
1469	0.92142922
1470	0.50076915
1471	0.95924804
1472	0.61817188
1473	0.85556781
1474	0.41686455
1475	0.90116038
1476	0.45791082
1477	0.94904249
1478	0.51970763
1479	0.94694394
1480	0.50459059
1481	0.95422457
1482	0.5947758
1483	0.84977966
1484	0.4035438
1485	0.9003445
1486	0.43629575
1487	0.95546045
1488	0.50279619
1489	0.95288392
1490	0.57268293
1491	0.85603063
1492	0.39062813
1493	0.91578727
1494	0.44591689
1495	0.9619865
1496	0.61674342
1497	0.85395856
1498	0.39362606
1499	0.90582853
1500	0.42672921
1501	0.9614204
1502	0.62384044
1503	0.8576904
1504	0.39921814
1505	0.92380158
1506	0.48817089
1507	0.94934647
1508	0.48923497
1509	0.95744046
1510	0.59575541
1511	0.85425244
1512	0.39009969
1513	0.90400218
1514	0.42515388
1515	0.95418736
1516	0.48896002
1517	0.94109623
1518	0.45864892
1519	0.95915815
1520	0.60942297
1521	0.85140313
1522	0.39365509
1523	0.90990052
1524	0.44280893
1525	0.95495612
1526	0.59216842
1527	0.85423374
1528	0.39891891
1529	0.92361025
1530	0.4950961
1531	0.95186623
1532	0.58235778
1533	0.85583455
1534	0.40036336
1535	0.91783749
1536	0.46400811
1537	0.95208682
1538	0.57514742
1539	0.85873954
1540	0.3968256
1541	0.91794991
1542	0.46298081
1543	0.94258336
1544	0.48316264
1545	0.95798227
1546	0.61045391
1547	0.85566731
1548	0.40765431
1549	0.91822197
1550	0.48394775
1551	0.9463714
1552	0.49673203
1553	0.95700653
1554	0.6010826
1555	0.85608479
1556	0.4007809
1557	0.90471133
1558	0.44056893
1559	0.95403439
1560	0.59340961
1561	0.85480502
1562	0.39282217
1563	0.90357603
1564	0.44214801
1565	0.95359015
1566	0.50060397
1567	0.93961635
1568	0.47886531
1569	0.95094947
1570	0.51469699
1571	0.95820828
1572	0.60924133
1573	0.85359818
1574	0.41592423
1575	0.89712269
1576	0.46023114
1577	0.94586219
1578	0.51739191
1579	0.9535309
1580	0.59427273
1581	0.85058995
1582	0.41730106
1583	0.90362071
1584	0.48723186
1585	0.94819551
1586	0.5308759
1587	0.93967069
