1	0.085608299
2	0.059360511
3	0.064737525
4	0.055479488
5	0.053999182
6	0.045541741
7	0.059565163
8	0.052021426
9	0.053956161
10	0.048476519
11	0.067656849
12	0.043777063
13	0.047499704
14	0.044696647
15	0.075887587
16	0.036624853
17	0.063479003
18	0.04002355
19	0.063340442
20	0.032575125
21	0.061195629
22	0.025406599
23	0.050160055
24	0.026704179
25	0.047769885
26	0.01494024
27	0.045219855
28	0.023826361
29	0.057096932
30	0.023939661
31	0.038008637
32	0.028913881
33	0.062997988
34	0.021927931
35	0.043143906
36	0.021369451
37	0.048729272
38	0.027692174
39	0.062916054
40	0.030361249
41	0.042530989
42	0.018746416
43	0.05378158
44	0.034376211
45	0.08231998
46	0.038278247
47	0.043269153
48	0.032131402
49	0.045610758
50	0.031219727
51	0.042157855
52	0.037051047
53	0.042375076
54	0.023813588
55	0.087593731
56	0.034266434
57	0.075765413
58	0.033538828
59	0.07915212
60	0.036359074
61	0.081658708
62	0.025911374
63	0.082067376
64	0.039823568
65	0.04641198
66	0.027572245
67	0.087912592
68	0.027124656
69	0.079885791
70	0.041453678
71	0.053189097
72	0.035743369
73	0.084991908
74	0.030847968
75	0.058601242
76	0.039619378
77	0.082586767
78	0.050117231
79	0.065776515
80	0.035140501
81	0.047729254
82	0.02182038
83	0.083875035
84	0.033993956
85	0.077391559
86	0.039793937
87	0.056187094
88	0.032923563
89	0.080953027
90	0.031567387
91	0.07758592
92	0.048166141
93	0.053406501
94	0.025342519
95	0.041461572
96	0.02888729
97	0.081714408
98	0.041852782
99	0.038326697
100	0.02487965
101	0.085788855
102	0.040437333
103	0.036576902
104	0.021493833
105	0.087887073
106	0.031903421
107	0.07434806
108	0.031307175
109	0.078465997
110	0.026198694
111	0.075213337
112	0.025897747
113	0.076814697
114	0.028656946
115	0.036719226
116	0.027961579
117	0.085814827
118	0.042143886
119	0.075428549
120	0.02776689
121	0.04056207
122	0.021378281
123	0.085944976
124	0.042692653
125	0.076801995
126	0.031374487
127	0.03868572
128	0.030838741
129	0.039282632
130	0.039877853
131	0.041715122
132	0.038886924
133	0.042209459
134	0.037925829
135	0.066066293
136	0.046840549
137	0.040741889
138	0.042479512
139	0.041185374
140	0.03104424
141	0.087771529
142	0.050985369
143	0.036116112
144	0.029480182
145	0.04173069
146	0.037203419
147	0.039744525
148	0.039615195
149	0.042364017
150	0.043117993
151	0.043742269
152	0.031068461
153	0.040077744
154	0.038947556
155	0.041862488
156	0.040520655
157	0.041953111
158	0.040953461
159	0.041662915
160	0.040865734
161	0.042391709
162	0.046289771
163	0.04037564
164	0.046222374
165	0.043063915
166	0.036505404
167	0.040356074
168	0.034547586
169	0.043832688
170	0.034431491
171	0.040431088
172	0.040736266
173	0.045480291
174	0.044898958
175	0.040677056
176	0.039816273
177	0.086632349
178	0.048218694
179	0.039349332
180	0.034079061
181	0.042927998
182	0.036270762
183	0.088226632
184	0.047544792
185	0.039125955
186	0.031225624
187	0.042899503
188	0.035283746
189	0.040432955
190	0.043358715
191	0.088643065
192	0.049097043
193	0.08059213
194	0.038826323
195	0.045722095
196	0.030978053
197	0.043172272
198	0.037967419
199	0.041377638
200	0.025895251
201	0.040775184
202	0.038979806
203	0.04138522
204	0.024114088
205	0.040860215
206	0.037872765
207	0.040792024
208	0.028440014
209	0.040497371
210	0.029199932
211	0.040913116
212	0.046837445
213	0.089515287
214	0.053727842
215	0.039893178
216	0.025689277
217	0.044057531
218	0.027743568
219	0.090079675
220	0.051984237
221	0.070726565
222	0.050954649
223	0.052080868
224	0.04449141
225	0.043340034
226	0.040730162
227	0.041544437
228	0.037073045
229	0.090105674
230	0.049034558
231	0.040056324
232	0.031424674
233	0.044314574
234	0.042371399
235	0.090167612
236	0.051116048
237	0.040931174
238	0.035273504
239	0.044594093
240	0.038604621
241	0.04113741
242	0.045131257
243	0.041262059
244	0.041545312
245	0.040695809
246	0.044396788
247	0.041703717
248	0.03114713
249	0.040906386
250	0.043609878
251	0.04104058
252	0.036483293
253	0.041031775
254	0.0415687
255	0.090505733
256	0.045518076
257	0.03845032
258	0.026925887
259	0.044472806
260	0.044238602
261	0.090346339
262	0.045492198
263	0.039212617
264	0.035492817
265	0.044399672
266	0.041296148
267	0.040947218
268	0.043809061
269	0.04088763
270	0.038667311
271	0.040827576
272	0.040788389
273	0.040562606
274	0.037072934
275	0.040738439
276	0.041074094
277	0.040515366
278	0.033057384
279	0.040802193
280	0.044488418
281	0.041768176
282	0.038796631
283	0.041239161
284	0.038675707
285	0.04095616
286	0.040842238
287	0.040374113
288	0.038247238
289	0.041009102
290	0.046263556
291	0.042252759
292	0.038181392
293	0.041442291
294	0.040075902
295	0.041455137
296	0.041033257
297	0.041153767
298	0.044438807
299	0.040937131
300	0.03817444
301	0.040655109
302	0.04278518
303	0.040258835
304	0.040725802
305	0.041321566
306	0.036120766
307	0.041122758
308	0.044278624
309	0.041430465
310	0.039553093
311	0.040391455
312	0.03957893
313	0.041443418
314	0.036905196
315	0.041182089
316	0.047330937
317	0.042217144
318	0.046192272
319	0.042406476
320	0.037711339
321	0.043114354
322	0.036250978
323	0.041144943
324	0.040337854
325	0.041814391
326	0.03553606
327	0.041373502
328	0.046783097
329	0.042593702
330	0.037465689
331	0.041785413
332	0.036896759
333	0.041717263
334	0.04655751
335	0.041983534
336	0.041421909
337	0.04130263
338	0.035884062
339	0.051589073
340	0.049225015
341	0.088304694
342	0.046092198
343	0.039215436
344	0.034866589
345	0.044733802
346	0.040787759
347	0.040117136
348	0.032998819
349	0.075409548
350	0.046844382
351	0.083392418
352	0.039506817
353	0.040396904
354	0.034024298
355	0.042804531
356	0.044780423
357	0.042973067
358	0.042885042
359	0.041932988
360	0.035316783
361	0.041097213
362	0.033051612
363	0.040347284
364	0.032134889
365	0.040515008
366	0.038602746
367	0.041118288
368	0.038502202
369	0.040292009
370	0.037028086
371	0.09186813
372	0.054805954
373	0.039744523
374	0.035058763
375	0.045098026
376	0.02762157
377	0.090995509
378	0.0298705
379	0.081825257
380	0.038383127
381	0.044966608
382	0.036975437
383	0.041795514
384	0.028436863
385	0.091289099
386	0.049954884
387	0.038909253
388	0.026879024
389	0.044979449
390	0.027064509
391	0.090749412
392	0.038105468
393	0.038091577
394	0.035521536
395	0.049575529
396	0.043849399
397	0.091453408
398	0.046532194
399	0.08160322
400	0.038949041
401	0.043109341
402	0.036337242
403	0.042327785
404	0.0319224
405	0.091418122
406	0.052649109
407	0.038716377
408	0.032600444
409	0.044812744
410	0.036365449
411	0.090970531
412	0.05160397
413	0.038457688
414	0.034858076
415	0.044834182
416	0.0406718
417	0.040280688
418	0.042718663
419	0.041099023
420	0.041686935
421	0.041635637
422	0.030198095
423	0.091933653
424	0.052363908
425	0.08237726
426	0.037015234
427	0.046694488
428	0.038278905
429	0.040708717
430	0.033111941
431	0.091706352
432	0.051372722
433	0.038207905
434	0.034219801
435	0.044772968
436	0.043609125
437	0.040757173
438	0.038305299
439	0.092144424
440	0.054165872
441	0.037922477
442	0.03270076
443	0.045283678
444	0.038132586
445	0.091260474
446	0.049810459
447	0.037573209
448	0.033285549
449	0.045044565
450	0.035683242
451	0.090728018
452	0.051603079
453	0.037674067
454	0.03152046
455	0.045204027
456	0.036015412
457	0.090841938
458	0.050788498
459	0.037650862
460	0.032466763
461	0.0444891
462	0.037148842
463	0.09122398
464	0.050874242
465	0.037379848
466	0.030096955
467	0.044355999
468	0.038794784
469	0.090475557
470	0.050702981
471	0.082242632
472	0.033102973
473	0.047960571
474	0.03593373
475	0.090422209
476	0.048901171
477	0.080239044
478	0.034314956
479	0.05303602
480	0.030733037
481	0.089924614
482	0.05226367
483	0.081970707
484	0.034820702
485	0.050361379
486	0.027384429
487	0.0880422
488	0.048355329
489	0.080162035
490	0.031406941
491	0.046687141
492	0.029974115
493	0.091123299
494	0.048946009
495	0.080728621
496	0.034850131
497	0.053780074
498	0.036175054
499	0.090635892
500	0.048053851
501	0.081764823
502	0.030938479
503	0.048132846
504	0.031349679
505	0.090338241
506	0.052707981
507	0.08099889
508	0.034424857
509	0.05492522
510	0.035531431
511	0.09020077
512	0.049654368
513	0.081845008
514	0.03389786
515	0.046398416
516	0.026010168
517	0.092789838
518	0.056453477
519	0.082790826
520	0.024576419
521	0.053132744
522	0.034242591
523	0.092130222
524	0.050546955
525	0.082103673
526	0.034179813
527	0.047904655
528	0.032185347
529	0.092887739
530	0.055082649
531	0.082190992
532	0.02925909
533	0.052572266
534	0.037559476
535	0.092161237
536	0.054618672
537	0.082279209
538	0.037401925
539	0.056301066
540	0.039826117
541	0.092754805
542	0.051239281
543	0.08246795
544	0.036646066
545	0.04702582
546	0.030544042
547	0.093388239
548	0.051928556
549	0.082199861
550	0.022729303
551	0.052568823
552	0.031735669
553	0.09217198
554	0.051831993
555	0.082024373
556	0.035436656
557	0.057079154
558	0.044152254
559	0.090213132
560	0.057134107
561	0.082235663
562	0.03779845
563	0.049149028
564	0.036116954
565	0.092118023
566	0.05196466
567	0.081506423
568	0.036892578
569	0.05745436
570	0.039784631
571	0.090849801
572	0.052968228
573	0.081476775
574	0.011526194
575	0.054232756
576	0.033669413
577	0.091852765
578	0.058028506
579	0.081202523
580	0.035426052
581	0.056884582
582	0.036147677
583	0.0908043
584	0.053255187
585	0.081693485
586	0.033228026
587	0.056243557
588	0.040471139
589	0.09047055
590	0.052562508
591	0.08169074
592	0.038861466
593	0.047826144
594	0.035306596
595	0.094499489
596	0.054470933
597	0.082055745
598	0.013432039
599	0.054662894
600	0.034400034
601	0.09244471
602	0.053084701
603	0.081747986
604	0.028658849
605	0.05521594
606	0.033191539
607	0.091186819
608	0.053358772
609	0.081904045
610	0.037258867
611	0.057808635
612	0.03420454
613	0.090420955
614	0.052101181
615	0.082524434
616	0.039298054
617	0.047007363
618	0.034491898
619	0.094011104
620	0.054854345
621	0.082981137
622	0.03656021
623	0.055255931
624	0.040256551
625	0.092530139
626	0.054468444
627	0.082964548
628	0.011259441
629	0.054224362
630	0.040337945
631	0.092985802
632	0.053206724
633	0.082360952
634	0.038219366
635	0.048677546
636	0.034320987
637	0.09391435
638	0.054335035
639	0.082540642
640	0.036230063
641	0.059041675
642	0.042751859
643	0.091245419
644	0.052543821
645	0.082640562
646	0.027198503
647	0.05449098
648	0.026321035
649	0.091252645
650	0.051444323
651	0.08224794
652	0.030265498
653	0.055580518
654	0.040603744
655	0.091442766
656	0.050789276
657	0.082157972
658	0.025677177
659	0.052571261
660	0.036479309
661	0.091579847
662	0.050665897
663	0.081271341
664	0.028068177
665	0.05455085
666	0.030833649
667	0.090868204
668	0.051223823
669	0.081588299
670	0.028509107
671	0.054576935
672	0.020501893
673	0.090084259
674	0.051715822
675	0.081204214
676	0.035919052
677	0.054914067
678	0.026451774
679	0.090103355
680	0.051306714
681	0.081303205
682	0.024287328
683	0.053694464
684	0.040393711
685	0.090710176
686	0.05158199
687	0.081227475
688	0.023843276
689	0.053359071
690	0.037670494
691	0.090470575
692	0.052481686
693	0.080694078
694	0.023708517
695	0.053375076
696	0.039476538
697	0.090448442
698	0.05593473
699	0.080693779
700	0.03632008
701	0.059676879
702	0.04241254
703	0.09122401
704	0.053683154
705	0.081685119
706	0.039010762
707	0.049464441
708	0.029037812
709	0.090510282
710	0.051855668
711	0.080103621
712	0.035916885
713	0.054141762
714	0.042739575
715	0.090793201
716	0.05033511
717	0.080689953
718	0.032862653
719	0.049507292
720	0.040612024
721	0.09095224
722	0.049264136
723	0.080575224
724	0.036628789
725	0.05168138
726	0.041328101
727	0.090440096
728	0.050655988
729	0.080712327
730	0.034001861
731	0.050915369
732	0.035718484
733	0.090475451
734	0.049036504
735	0.08072079
736	0.035730076
737	0.049384755
738	0.030958493
739	0.09049542
740	0.04966561
741	0.080130332
742	0.035038595
743	0.056373702
744	0.033058783
745	0.091003347
746	0.04919207
747	0.081128087
748	0.032739748
749	0.051038454
750	0.033508619
751	0.090323469
752	0.049820735
753	0.080477282
754	0.038184803
755	0.055823907
756	0.033993092
757	0.090583742
758	0.049204145
759	0.08097424
760	0.037267763
761	0.049429349
762	0.037004831
763	0.090756493
764	0.050416448
765	0.079899142
766	0.03446724
767	0.052153203
768	0.036038479
769	0.091639546
770	0.049376519
771	0.08023732
772	0.032354021
773	0.05212965
774	0.024963466
775	0.090488388
776	0.050085891
777	0.080285677
778	0.03605467
779	0.05401542
780	0.041006368
781	0.093365586
782	0.048216754
783	0.0811173
784	0.035739857
785	0.051472464
786	0.032363676
787	0.092942145
788	0.049548179
789	0.081207727
790	0.033230664
791	0.059545259
792	0.022445611
793	0.092575768
794	0.049546885
795	0.082926204
796	0.036477456
797	0.051316442
798	0.025532738
799	0.092245222
800	0.049338557
801	0.081043524
802	0.038363594
803	0.053809733
804	0.040140204
805	0.090724253
806	0.047655326
807	0.082082925
808	0.014030361
809	0.057237439
810	0.032378321
811	0.091866252
812	0.047412838
813	0.083691571
814	0.038998579
815	0.051991302
816	0.043161337
817	0.093114609
818	0.056277766
819	0.038267689
820	0.035210052
821	0.046502458
822	0.04645085
823	0.09279498
824	0.046607837
825	0.083944237
826	0.039682574
827	0.04641041
828	0.035456237
829	0.095344244
830	0.052302304
831	0.082361269
832	0.014992494
833	0.05997921
834	0.043750008
835	0.092367601
836	0.052854345
837	0.083873775
838	0.035992262
839	0.061028032
840	0.046348938
841	0.09176529
842	0.053589592
843	0.083545124
844	0.039566172
845	0.051305827
846	0.032186596
847	0.095085599
848	0.054900698
849	0.082936002
850	0.02781221
851	0.06043199
852	0.042923388
853	0.04144729
854	0.047584784
855	0.089915254
856	0.05041128
857	0.082571456
858	0.030210239
859	0.057168913
860	0.044323468
861	0.09175516
862	0.052845864
863	0.081955409
864	0.04037283
865	0.051531553
866	0.041362343
867	0.09225468
868	0.052534022
869	0.081625895
870	0.03948763
871	0.06423605
872	0.050675344
873	0.041158403
874	0.031512726
875	0.090896407
876	0.049650493
877	0.082061422
878	0.039012802
879	0.056060855
880	0.04020018
881	0.089213364
882	0.050216841
883	0.081709833
884	0.031968124
885	0.059242841
886	0.04078372
887	0.090400699
888	0.050058125
889	0.082003733
890	0.023258304
891	0.058868203
892	0.037903095
893	0.092704357
894	0.046520379
895	0.082462019
896	0.034886954
897	0.052363624
898	0.039193821
899	0.08872327
900	0.048288601
901	0.080828508
902	0.032583031
903	0.057324174
904	0.043768446
905	0.090729646
906	0.04799075
907	0.08105945
908	0.031394591
909	0.053174627
910	0.041883742
911	0.093814537
912	0.046076331
913	0.081338418
914	0.022100585
915	0.057796352
916	0.045011425
917	0.094693245
918	0.056912544
919	0.084237057
920	0.038524708
921	0.051513232
922	0.027033747
923	0.090369891
924	0.049443134
925	0.081422558
926	0.039309584
927	0.053596469
928	0.043347981
929	0.041294741
930	0.050399847
931	0.041028432
932	0.048382898
933	0.042179161
934	0.047841225
935	0.095302329
936	0.046929502
937	0.081121423
938	0.037005949
939	0.053738546
940	0.037177253
941	0.092655638
942	0.05038289
943	0.081315844
944	0.036700802
945	0.06117235
946	0.045318341
947	0.094651404
948	0.047031009
949	0.083419867
950	0.016009566
951	0.05533561
952	0.043999514
953	0.094541084
954	0.045680359
955	0.082314742
956	0.024936803
957	0.056685362
958	0.044037835
959	0.092063753
960	0.048582205
961	0.083222293
962	0.040069933
963	0.055218119
964	0.024256492
965	0.090514132
966	0.049329794
967	0.082712294
968	0.039160295
969	0.054624506
970	0.041849009
971	0.093485508
972	0.047792349
973	0.082411067
974	0.034425563
975	0.053328759
976	0.036117208
977	0.093977604
978	0.04769793
979	0.082460004
980	0.039431398
981	0.053325948
982	0.039960862
983	0.094014097
984	0.050051485
985	0.082808139
986	0.038023523
987	0.055256479
988	0.0195545
989	0.092652469
990	0.049422316
991	0.081804873
992	0.029914529
993	0.061346386
994	0.041607883
995	0.040525076
996	0.019999199
997	0.090360781
998	0.049239021
999	0.082005577
1000	0.0064433852
1001	0.058002829
1002	0.041812781
1003	0.091923436
1004	0.050562395
1005	0.081776792
1006	0.0083773182
1007	0.057145347
1008	0.035564176
1009	0.092310441
1010	0.050092931
1011	0.081522066
1012	0.038178788
1013	0.050557857
1014	0.038549408
1015	0.094329865
1016	0.049755849
1017	0.080750933
1018	0.020142526
1019	0.058410587
1020	0.042277292
1021	0.091852578
1022	0.049058344
1023	0.082494241
1024	0.037696372
1025	0.05309479
1026	0.045784666
1027	0.094091123
1028	0.049012885
1029	0.081817624
1030	0.041092936
1031	0.052736901
1032	0.040021912
1033	0.095427163
1034	0.04879285
1035	0.08160605
1036	0.036896325
1037	0.057421076
1038	0.04076355
1039	0.041538901
1040	0.045304656
1041	0.088989425
1042	0.061303226
1043	0.081701975
1044	0.039889595
1045	0.051112855
1046	0.042103088
1047	0.094956642
1048	0.047575632
1049	0.081567772
1050	0.016207567
1051	0.058848978
1052	0.041312445
1053	0.041212187
1054	0.046807141
1055	0.042241059
1056	0.04461855
1057	0.043273623
1058	0.042862837
1059	0.042371653
1060	0.044647052
1061	0.042907423
1062	0.051703479
1063	0.043686123
1064	0.041042325
1065	0.043279007
1066	0.043748417
1067	0.042738201
1068	0.03820281
1069	0.042759196
1070	0.030467443
1071	0.094826149
1072	0.05668466
1073	0.084608874
1074	0.0067471826
1075	0.056197823
1076	0.039852495
1077	0.094558933
1078	0.052308893
1079	0.039506346
1080	0.041246842
1081	0.047869164
1082	0.040794356
1083	0.09224858
1084	0.054501118
1085	0.084889746
1086	0.04032546
1087	0.047768607
1088	0.030432098
1089	0.094676752
1090	0.05692278
1091	0.084636238
1092	0.041323795
1093	0.049845675
1094	0.030032756
1095	0.0425676
1096	0.054304362
1097	0.089475479
1098	0.056869648
1099	0.039938891
1100	0.038260868
1101	0.051598101
1102	0.026444061
1103	0.094533217
1104	0.053562742
1105	0.084195006
1106	0.037716468
1107	0.047135101
1108	0.023959032
1109	0.094815328
1110	0.061306834
1111	0.083463377
1112	0.032199748
1113	0.053286153
1114	0.018555462
1115	0.093036392
1116	0.05886022
1117	0.083174346
1118	0.0090960767
1119	0.057093977
1120	0.042747567
1121	0.042062952
1122	0.04299635
1123	0.041588279
1124	0.051050332
1125	0.043764616
1126	0.048647053
1127	0.045798025
1128	0.032549275
1129	0.042412091
1130	0.048109013
1131	0.045423771
1132	0.034703132
1133	0.042969889
1134	0.04433164
1135	0.041942774
1136	0.046093828
1137	0.042385154
1138	0.043683623
1139	0.094836592
1140	0.054051555
1141	0.038982363
1142	0.02952643
1143	0.050123605
1144	0.036968503
1145	0.090186917
1146	0.054146821
1147	0.040699255
1148	0.032238718
1149	0.050225753
1150	0.051907733
1151	0.043644941
1152	0.030929292
1153	0.091038124
1154	0.054257105
1155	0.03972157
1156	0.038741688
1157	0.050071378
1158	0.052955933
1159	0.087829424
1160	0.056956173
1161	0.041458297
1162	0.034933903
1163	0.051345273
1164	0.028773761
1165	0.093513138
1166	0.055174318
1167	0.083431976
1168	0.037553096
1169	0.047447378
1170	0.042357904
1171	0.041564279
1172	0.042700315
1173	0.090285776
1174	0.057384866
1175	0.039786866
1176	0.04161535
1177	0.048753332
1178	0.049934118
1179	0.0880225
1180	0.056688149
1181	0.04115055
1182	0.041812032
1183	0.049720988
1184	0.05332511
1185	0.047137312
1186	0.04766037
1187	0.094455094
1188	0.055798316
1189	0.082457344
1190	0.029348374
1191	0.053312314
1192	0.043811321
1193	0.043986443
1194	0.050896436
1195	0.044750071
1196	0.034198646
1197	0.094622534
1198	0.058605812
1199	0.081748877
1200	0.033063746
1201	0.06129376
1202	0.04807583
1203	0.094220516
1204	0.056874812
1205	0.082950622
1206	0.038431867
1207	0.047623652
1208	0.038004173
1209	0.041915679
1210	0.044712024
1211	0.092476141
1212	0.057187582
1213	0.082280932
1214	0.019471095
1215	0.054934175
1216	0.044106129
1217	0.094129933
1218	0.057888535
1219	0.083940679
1220	0.041044833
1221	0.054431314
1222	0.042203121
1223	0.094641468
1224	0.056361988
1225	0.08441426
1226	0.04172673
1227	0.049472369
1228	0.026126515
1229	0.04197925
1230	0.049858338
1231	0.088241547
1232	0.057893008
1233	0.040392347
1234	0.026133532
1235	0.051898389
1236	0.039744872
1237	0.041839749
1238	0.044283231
1239	0.041211282
1240	0.027011589
1241	0.041821047
1242	0.038180341
1243	0.093387019
1244	0.045027514
1245	0.081865096
1246	0.038059331
1247	0.0511272
1248	0.028436331
1249	0.042381091
1250	0.046828494
1251	0.041986287
1252	0.037882594
1253	0.041797365
1254	0.040571147
1255	0.040993922
1256	0.044140657
1257	0.092646022
1258	0.04581442
1259	0.082682378
1260	0.035368188
1261	0.053278871
1262	0.030688977
1263	0.04338689
1264	0.048418716
1265	0.089272811
1266	0.046979945
1267	0.083625183
1268	0.036303375
1269	0.055486912
1270	0.021852071
1271	0.095398583
1272	0.04794947
1273	0.081984863
1274	0.035359484
1275	0.05366191
1276	0.039558355
1277	0.095338685
1278	0.046981025
1279	0.084260549
1280	0.037281421
1281	0.055202798
1282	0.038506529
1283	0.095278539
1284	0.057893065
1285	0.084048798
1286	0.037094557
1287	0.051043917
1288	0.016444896
1289	0.0421206
1290	0.04873295
1291	0.086966356
1292	0.06055598
1293	0.040033364
1294	0.030209425
1295	0.051448279
1296	0.045871177
1297	0.041462625
1298	0.033527899
1299	0.09090119
1300	0.047636795
1301	0.082054453
1302	0.022430837
1303	0.056634037
1304	0.021451314
1305	0.093168526
1306	0.04745554
1307	0.081419851
1308	0.030133978
1309	0.055568906
1310	0.035739485
1311	0.092531283
1312	0.046639415
1313	0.081627108
1314	0.0058340165
1315	0.059058185
1316	0.044923736
1317	0.094467828
1318	0.0447132
1319	0.081282704
1320	0.032697763
1321	0.051824758
1322	0.041812848
1323	0.092338562
1324	0.048014775
1325	0.081711765
1326	0.036348668
1327	0.054752482
1328	0.029310168
1329	0.092707612
1330	0.048502967
1331	0.080780534
1332	0.021841168
1333	0.06097405
1334	0.018736982
1335	0.091510612
1336	0.046643548
1337	0.080589891
1338	0.02190033
1339	0.060711175
1340	0.040546821
1341	0.091015708
1342	0.047847797
1343	0.081571698
1344	0.030900283
1345	0.054812382
1346	0.03812739
1347	0.094051357
1348	0.048471807
1349	0.08033891
1350	0.022806894
1351	0.061596669
1352	0.038549687
1353	0.092491549
1354	0.047904238
1355	0.080992658
1356	0.0281766
1357	0.058547058
1358	0.019315308
1359	0.092357015
1360	0.045763535
1361	0.079866855
1362	0.0067389021
1363	0.056734372
1364	0.017583347
1365	0.090636448
1366	0.046888423
1367	0.080413096
1368	0.034997813
1369	0.062452454
1370	0.046184627
1371	0.094921386
1372	0.045054053
1373	0.07989831
1374	0.039498144
1375	0.059847671
1376	0.043490643
1377	0.093723341
1378	0.046172907
1379	0.079999158
1380	0.039493076
1381	0.051759866
1382	0.043057966
1383	0.041445305
1384	0.022933382
1385	0.091819841
1386	0.046655403
1387	0.079781767
1388	0.039958105
1389	0.050611811
1390	0.037963546
1391	0.043631513
1392	0.028835428
1393	0.091177643
1394	0.047638344
1395	0.080369782
1396	0.020734152
1397	0.061539761
1398	0.04391089
1399	0.041602856
1400	0.015551734
1401	0.091306705
1402	0.048401269
1403	0.080194335
1404	0.027152069
1405	0.062386787
1406	0.041456682
1407	0.040801816
1408	0.021636279
1409	0.091657286
1410	0.049442744
1411	0.080169575
1412	0.037135569
1413	0.052544131
1414	0.035199328
1415	0.042376065
1416	0.046396424
1417	0.088590206
1418	0.04913637
1419	0.081523622
1420	0.034658996
1421	0.058785787
1422	0.022259401
1423	0.092609983
1424	0.046926949
1425	0.080385979
1426	0.039045597
1427	0.051353297
1428	0.019235682
1429	0.041828165
1430	0.046189733
1431	0.088802283
1432	0.046767333
1433	0.080245373
1434	0.035526568
1435	0.059495153
1436	0.039732598
1437	0.041016578
1438	0.045186916
1439	0.088855831
1440	0.061722514
1441	0.082474206
1442	0.040593996
1443	0.051965128
1444	0.032865561
1445	0.042691599
1446	0.031221914
1447	0.090219725
1448	0.047067188
1449	0.080349794
1450	0.021819487
1451	0.060740941
1452	0.015585848
1453	0.092363561
1454	0.04522084
1455	0.080694048
1456	0.0060812019
1457	0.058399583
1458	0.044427022
1459	0.094362601
1460	0.045121553
1461	0.080255372
1462	0.021637474
1463	0.05467878
1464	0.021799618
1465	0.093027215
1466	0.060732751
1467	0.080655245
1468	0.011609863
1469	0.059873329
1470	0.04844713
1471	0.094336165
1472	0.059569957
1473	0.08140374
1474	0.037667328
1475	0.050665706
1476	0.028475501
1477	0.043095386
1478	0.037854099
1479	0.040864078
1480	0.03796253
1481	0.094447571
1482	0.044890981
1483	0.080433687
1484	0.039109683
1485	0.053112308
1486	0.038122691
1487	0.042547711
1488	0.022126561
1489	0.091725348
1490	0.044579138
1491	0.080112026
1492	0.0061195375
1493	0.056063408
1494	0.037839638
1495	0.091322727
1496	0.04605994
1497	0.080870428
1498	0.037881491
1499	0.052354867
1500	0.042177096
1501	0.09429794
1502	0.061769634
1503	0.080846416
1504	0.0222829
1505	0.062227552
1506	0.029308169
1507	0.040977421
1508	0.016891298
1509	0.090745789
1510	0.045520503
1511	0.079972269
1512	0.034772271
1513	0.053694713
1514	0.027687321
1515	0.041904051
1516	0.048882288
1517	0.042371111
1518	0.041685219
1519	0.093564612
1520	0.046320609
1521	0.080749104
1522	0.029625321
1523	0.056263766
1524	0.029603754
1525	0.094115886
1526	0.044662427
1527	0.080579247
1528	0.030624458
1529	0.06178582
1530	0.041989252
1531	0.09440404
1532	0.045149473
1533	0.081187656
1534	0.031797184
1535	0.058383904
1536	0.014874545
1537	0.09181995
1538	0.043752228
1539	0.080217047
1540	0.0092972946
1541	0.056485497
1542	0.044756632
1543	0.043129169
1544	0.014773669
1545	0.093394398
1546	0.04598414
1547	0.080866368
1548	0.0074723077
1549	0.059642564
1550	0.038489492
1551	0.042401537
1552	0.015869744
1553	0.09213966
1554	0.059440775
1555	0.080549988
1556	0.031919561
1557	0.052466939
1558	0.018131332
1559	0.094948017
1560	0.04525499
1561	0.080162631
1562	0.038830783
1563	0.05498716
1564	0.032776238
1565	0.041727131
1566	0.049793082
1567	0.043325167
1568	0.031329485
1569	0.042953096
1570	0.024762379
1571	0.091431934
1572	0.059382425
1573	0.081383686
1574	0.041272835
1575	0.050812862
1576	0.04427012
1577	0.043403817
1578	0.024787243
1579	0.093785394
1580	0.058753094
1581	0.081598432
1582	0.040762442
1583	0.055677402
1584	0.028601506
1585	0.042875255
1586	0.040559662
1587	0.043890129
