1	2
2	9
3	13
4	3
5	3
6	3
7	10
8	2
9	2
10	3
11	1
12	4
13	2
14	4
15	1
16	6
17	1
18	5
19	1
20	6
21	1
22	6
23	1
24	8
25	1
26	15
27	1
28	4
29	1
30	4
31	3
32	6
33	1
34	6
35	1
36	7
37	1
38	6
39	1
40	5
41	1
42	9
43	1
44	6
45	1
46	4
47	1
48	8
49	1
50	7
51	1
52	7
53	1
54	8
55	1
56	7
57	1
58	16
59	1
60	7
61	1
62	7
63	1
64	8
65	1
66	15
67	1
68	5
69	1
70	8
71	1
72	12
73	1
74	5
75	1
76	18
77	1
78	2
79	1
80	12
81	1
82	9
83	1
84	10
85	1
86	4
87	1
88	6
89	1
90	5
91	1
92	2
93	1
94	8
95	1
96	9
97	1
98	3
99	1
100	10
101	1
102	3
103	1
104	10
105	1
106	4
107	1
108	7
109	1
110	5
111	1
112	8
113	1
114	5
115	1
116	9
117	1
118	3
119	1
120	5
121	1
122	10
123	1
124	3
125	1
126	12
127	1
128	8
129	1
130	9
131	1
132	8
133	1
134	8
135	3
136	9
137	1
138	8
139	1
140	10
141	1
142	3
143	1
144	10
145	1
146	8
147	1
148	9
149	1
150	8
151	1
152	9
153	1
154	8
155	1
156	8
157	1
158	8
159	1
160	8
161	1
162	7
163	1
164	8
165	1
166	9
167	1
168	9
169	1
170	8
171	1
172	9
173	3
174	10
175	1
176	9
177	1
178	4
179	1
180	13
181	1
182	9
183	1
184	4
185	1
186	15
187	1
188	9
189	1
190	12
191	1
192	6
193	1
194	6
195	1
196	10
197	1
198	9
199	1
200	10
201	1
202	8
203	1
204	11
205	1
206	9
207	1
208	10
209	1
210	10
211	1
212	9
213	1
214	3
215	1
216	14
217	1
218	10
219	1
220	3
221	3
222	8
223	1
224	9
225	1
226	9
227	1
228	9
229	1
230	5
231	1
232	11
233	1
234	9
235	1
236	4
237	1
238	10
239	1
240	10
241	1
242	9
243	1
244	9
245	1
246	9
247	1
248	10
249	1
250	9
251	1
252	10
253	1
254	9
255	1
256	11
257	1
258	13
259	1
260	9
261	1
262	8
263	1
264	29
265	1
266	20
267	1
268	8
269	1
270	9
271	1
272	9
273	1
274	9
275	1
276	9
277	1
278	10
279	1
280	9
281	1
282	9
283	1
284	9
285	1
286	9
287	1
288	9
289	1
290	11
291	1
292	9
293	1
294	10
295	1
296	9
297	1
298	9
299	1
300	9
301	1
302	9
303	1
304	9
305	1
306	18
307	1
308	10
309	1
310	9
311	1
312	15
313	1
314	21
315	1
316	9
317	1
318	10
319	1
320	10
321	1
322	10
323	1
324	10
325	1
326	10
327	1
328	9
329	1
330	10
331	1
332	10
333	1
334	18
335	1
336	9
337	1
338	10
339	1
340	8
341	1
342	4
343	1
344	11
345	1
346	10
347	1
348	10
349	2
350	6
351	1
352	5
353	1
354	11
355	1
356	9
357	1
358	9
359	1
360	10
361	1
362	11
363	1
364	10
365	1
366	14
367	1
368	22
369	1
370	25
371	1
372	3
373	1
374	11
375	1
376	11
377	1
378	13
379	1
380	6
381	1
382	19
383	1
384	11
385	1
386	5
387	1
388	12
389	1
390	11
391	1
392	12
393	1
394	11
395	1
396	8
397	1
398	4
399	1
400	5
401	1
402	10
403	1
404	10
405	1
406	3
407	1
408	11
409	1
410	14
411	1
412	3
413	1
414	11
415	1
416	10
417	1
418	10
419	1
420	10
421	1
422	11
423	1
424	5
425	1
426	6
427	1
428	10
429	1
430	10
431	1
432	3
433	1
434	11
435	1
436	9
437	1
438	10
439	1
440	14
441	1
442	11
443	1
444	10
445	1
446	3
447	1
448	11
449	1
450	10
451	1
452	3
453	1
454	17
455	1
456	10
457	1
458	3
459	1
460	11
461	1
462	9
463	1
464	3
465	1
466	15
467	1
468	9
469	1
470	3
471	1
472	12
473	1
474	10
475	1
476	3
477	1
478	15
479	1
480	12
481	1
482	3
483	1
484	10
485	1
486	12
487	1
488	3
489	1
490	6
491	1
492	12
493	1
494	3
495	1
496	12
497	1
498	10
499	1
500	3
501	1
502	7
503	1
504	11
505	1
506	4
507	1
508	12
509	1
510	10
511	1
512	3
513	1
514	6
515	1
516	12
517	1
518	4
519	1
520	16
521	1
522	10
523	1
524	3
525	1
526	6
527	1
528	11
529	1
530	3
531	1
532	16
533	1
534	10
535	1
536	3
537	1
538	14
539	1
540	11
541	1
542	3
543	1
544	6
545	1
546	12
547	1
548	3
549	1
550	17
551	1
552	12
553	1
554	3
555	1
556	13
557	1
558	11
559	1
560	3
561	1
562	6
563	1
564	11
565	1
566	3
567	1
568	12
569	1
570	10
571	1
572	3
573	1
574	16
575	1
576	11
577	1
578	3
579	1
580	13
581	1
582	10
583	1
584	3
585	1
586	14
587	1
588	10
589	1
590	3
591	1
592	6
593	1
594	12
595	1
596	3
597	1
598	17
599	1
600	11
601	1
602	3
603	1
604	15
605	1
606	12
607	1
608	3
609	1
610	14
611	1
612	12
613	1
614	3
615	1
616	6
617	1
618	12
619	1
620	3
621	1
622	10
623	1
624	11
625	1
626	3
627	1
628	18
629	1
630	10
631	1
632	3
633	1
634	6
635	1
636	13
637	1
638	3
639	1
640	11
641	1
642	10
643	1
644	3
645	1
646	10
647	1
648	13
649	1
650	3
651	1
652	10
653	1
654	10
655	1
656	3
657	1
658	9
659	1
660	10
661	1
662	3
663	1
664	10
665	1
666	13
667	1
668	3
669	1
670	10
671	1
672	14
673	1
674	3
675	1
676	9
677	1
678	13
679	1
680	3
681	1
682	10
683	1
684	10
685	1
686	3
687	1
688	10
689	1
690	10
691	1
692	3
693	1
694	10
695	1
696	13
697	1
698	3
699	1
700	10
701	1
702	10
703	1
704	3
705	1
706	7
707	1
708	13
709	1
710	3
711	1
712	9
713	1
714	10
715	1
716	3
717	1
718	7
719	1
720	10
721	1
722	3
723	1
724	7
725	1
726	10
727	1
728	3
729	1
730	7
731	1
732	10
733	1
734	3
735	1
736	7
737	1
738	12
739	1
740	3
741	1
742	10
743	1
744	10
745	1
746	3
747	1
748	8
749	1
750	10
751	1
752	3
753	1
754	10
755	1
756	10
757	1
758	3
759	1
760	7
761	1
762	10
763	1
764	3
765	1
766	7
767	1
768	10
769	1
770	3
771	1
772	7
773	1
774	11
775	1
776	3
777	1
778	7
779	1
780	10
781	1
782	3
783	1
784	7
785	1
786	10
787	1
788	3
789	1
790	10
791	1
792	11
793	1
794	3
795	1
796	7
797	1
798	11
799	1
800	3
801	1
802	7
803	1
804	10
805	1
806	3
807	1
808	13
809	1
810	10
811	1
812	3
813	1
814	7
815	1
816	9
817	1
818	3
819	1
820	10
821	1
822	8
823	1
824	3
825	1
826	6
827	1
828	12
829	1
830	3
831	1
832	13
833	1
834	10
835	1
836	3
837	1
838	12
839	1
840	9
841	1
842	3
843	1
844	9
845	1
846	12
847	1
848	3
849	1
850	11
851	1
852	13
853	1
854	9
855	1
856	3
857	1
858	11
859	1
860	10
861	1
862	3
863	1
864	7
865	1
866	10
867	1
868	3
869	1
870	12
871	1
872	8
873	1
874	10
875	1
876	3
877	1
878	7
879	1
880	10
881	1
882	3
883	1
884	11
885	1
886	9
887	1
888	3
889	1
890	12
891	1
892	9
893	1
894	3
895	1
896	7
897	1
898	10
899	1
900	3
901	1
902	10
903	1
904	9
905	1
906	3
907	1
908	11
909	1
910	9
911	1
912	3
913	1
914	12
915	1
916	8
917	1
918	3
919	1
920	7
921	1
922	10
923	1
924	3
925	1
926	11
927	1
928	9
929	1
930	9
931	1
932	9
933	1
934	8
935	1
936	3
937	1
938	10
939	1
940	10
941	1
942	3
943	1
944	11
945	1
946	8
947	1
948	3
949	1
950	13
951	1
952	9
953	1
954	3
955	1
956	13
957	1
958	8
959	1
960	3
961	1
962	7
963	1
964	11
965	1
966	3
967	1
968	11
969	1
970	10
971	1
972	3
973	1
974	11
975	1
976	11
977	1
978	3
979	1
980	11
981	1
982	10
983	1
984	3
985	1
986	11
987	1
988	13
989	1
990	3
991	1
992	15
993	1
994	9
995	1
996	12
997	1
998	3
999	1
1000	15
1001	1
1002	9
1003	1
1004	3
1005	1
1006	14
1007	1
1008	10
1009	1
1010	3
1011	1
1012	12
1013	1
1014	10
1015	1
1016	3
1017	1
1018	12
1019	1
1020	10
1021	1
1022	3
1023	1
1024	11
1025	1
1026	9
1027	1
1028	3
1029	1
1030	10
1031	1
1032	10
1033	1
1034	3
1035	1
1036	11
1037	1
1038	10
1039	1
1040	10
1041	1
1042	3
1043	1
1044	12
1045	1
1046	10
1047	1
1048	3
1049	1
1050	13
1051	1
1052	9
1053	1
1054	9
1055	1
1056	9
1057	1
1058	9
1059	1
1060	8
1061	1
1062	8
1063	1
1064	9
1065	1
1066	8
1067	1
1068	9
1069	1
1070	9
1071	1
1072	3
1073	1
1074	15
1075	1
1076	8
1077	1
1078	3
1079	1
1080	11
1081	1
1082	8
1083	1
1084	3
1085	1
1086	5
1087	1
1088	10
1089	1
1090	3
1091	1
1092	5
1093	1
1094	11
1095	1
1096	8
1097	1
1098	3
1099	1
1100	9
1101	1
1102	10
1103	1
1104	3
1105	1
1106	5
1107	1
1108	12
1109	1
1110	3
1111	1
1112	12
1113	1
1114	12
1115	1
1116	3
1117	1
1118	13
1119	1
1120	8
1121	1
1122	8
1123	1
1124	8
1125	1
1126	8
1127	1
1128	9
1129	1
1130	8
1131	1
1132	9
1133	1
1134	8
1135	1
1136	8
1137	1
1138	8
1139	1
1140	3
1141	1
1142	13
1143	1
1144	8
1145	1
1146	3
1147	1
1148	11
1149	1
1150	6
1151	1
1152	9
1153	1
1154	3
1155	1
1156	9
1157	1
1158	8
1159	1
1160	3
1161	1
1162	10
1163	1
1164	10
1165	1
1166	3
1167	1
1168	5
1169	1
1170	9
1171	1
1172	8
1173	1
1174	3
1175	1
1176	8
1177	1
1178	8
1179	1
1180	3
1181	1
1182	8
1183	1
1184	6
1185	1
1186	8
1187	1
1188	3
1189	1
1190	12
1191	1
1192	9
1193	1
1194	8
1195	1
1196	9
1197	1
1198	3
1199	1
1200	14
1201	1
1202	8
1203	1
1204	3
1205	1
1206	6
1207	1
1208	9
1209	1
1210	8
1211	1
1212	3
1213	1
1214	11
1215	1
1216	9
1217	1
1218	3
1219	1
1220	9
1221	1
1222	9
1223	1
1224	3
1225	1
1226	5
1227	1
1228	13
1229	1
1230	8
1231	1
1232	3
1233	1
1234	10
1235	1
1236	10
1237	1
1238	9
1239	1
1240	9
1241	1
1242	9
1243	1
1244	3
1245	1
1246	12
1247	1
1248	11
1249	1
1250	8
1251	1
1252	9
1253	1
1254	8
1255	1
1256	8
1257	1
1258	3
1259	1
1260	10
1261	1
1262	12
1263	1
1264	9
1265	1
1266	3
1267	1
1268	9
1269	1
1270	12
1271	1
1272	3
1273	1
1274	11
1275	1
1276	10
1277	1
1278	3
1279	1
1280	10
1281	1
1282	9
1283	1
1284	3
1285	1
1286	11
1287	1
1288	12
1289	1
1290	9
1291	1
1292	3
1293	1
1294	10
1295	1
1296	10
1297	1
1298	10
1299	1
1300	3
1301	1
1302	13
1303	1
1304	12
1305	1
1306	3
1307	1
1308	12
1309	1
1310	10
1311	1
1312	3
1313	1
1314	15
1315	1
1316	8
1317	1
1318	3
1319	1
1320	11
1321	1
1322	10
1323	1
1324	3
1325	1
1326	11
1327	1
1328	16
1329	1
1330	3
1331	1
1332	11
1333	1
1334	12
1335	1
1336	3
1337	1
1338	13
1339	1
1340	10
1341	1
1342	3
1343	1
1344	11
1345	1
1346	11
1347	1
1348	3
1349	1
1350	13
1351	1
1352	10
1353	1
1354	3
1355	1
1356	12
1357	1
1358	15
1359	1
1360	3
1361	1
1362	15
1363	1
1364	15
1365	1
1366	3
1367	1
1368	12
1369	1
1370	11
1371	1
1372	3
1373	1
1374	12
1375	1
1376	11
1377	1
1378	3
1379	1
1380	11
1381	1
1382	11
1383	1
1384	10
1385	1
1386	3
1387	1
1388	12
1389	1
1390	12
1391	1
1392	10
1393	1
1394	3
1395	1
1396	13
1397	1
1398	11
1399	1
1400	12
1401	1
1402	3
1403	1
1404	15
1405	1
1406	11
1407	1
1408	11
1409	1
1410	3
1411	1
1412	11
1413	1
1414	11
1415	1
1416	11
1417	1
1418	3
1419	1
1420	10
1421	1
1422	12
1423	1
1424	3
1425	1
1426	11
1427	1
1428	16
1429	1
1430	10
1431	1
1432	3
1433	1
1434	11
1435	1
1436	10
1437	1
1438	9
1439	1
1440	3
1441	1
1442	10
1443	1
1444	12
1445	1
1446	11
1447	1
1448	3
1449	1
1450	12
1451	1
1452	12
1453	1
1454	3
1455	1
1456	15
1457	1
1458	9
1459	1
1460	3
1461	1
1462	12
1463	1
1464	13
1465	1
1466	3
1467	1
1468	14
1469	1
1470	10
1471	1
1472	3
1473	1
1474	11
1475	1
1476	12
1477	1
1478	10
1479	1
1480	9
1481	1
1482	3
1483	1
1484	9
1485	1
1486	10
1487	1
1488	10
1489	1
1490	3
1491	1
1492	15
1493	1
1494	10
1495	1
1496	3
1497	1
1498	10
1499	1
1500	10
1501	1
1502	3
1503	1
1504	13
1505	1
1506	11
1507	1
1508	12
1509	1
1510	3
1511	1
1512	11
1513	1
1514	11
1515	1
1516	9
1517	1
1518	9
1519	1
1520	3
1521	1
1522	12
1523	1
1524	10
1525	1
1526	3
1527	1
1528	13
1529	1
1530	8
1531	1
1532	3
1533	1
1534	10
1535	1
1536	13
1537	1
1538	3
1539	1
1540	13
1541	1
1542	10
1543	1
1544	13
1545	1
1546	3
1547	1
1548	14
1549	1
1550	11
1551	1
1552	12
1553	1
1554	3
1555	1
1556	11
1557	1
1558	12
1559	1
1560	3
1561	1
1562	10
1563	1
1564	10
1565	1
1566	9
1567	1
1568	12
1569	1
1570	10
1571	1
1572	3
1573	1
1574	10
1575	1
1576	10
1577	1
1578	10
1579	1
1580	3
1581	1
1582	10
1583	1
1584	10
1585	1
1586	9
1587	1
