1	0.73236028
2	0.11279297
3	0.037990988
4	0.038571075
5	0.025567066
6	0.01077421
7	0.0086999077
8	0.0071682006
9	0.0052796978
10	0.0045553634
11	0.004295269
12	0.0038125617
13	0.0035510764
14	0.0033534573
15	0.0032280765
16	0.0030988413
17	0.003017738
18	0.0029221736
19	0.0028772591
20	0.0028135182
21	0.0028081485
22	0.0027585644
23	0.0027819537
24	0.0027436798
25	0.002784756
26	0.0027465157
27	0.0027950838
28	0.0028290169
29	0.0028035549
30	0.0028477134
31	0.0028253729
32	0.0028656318
33	0.0028594121
34	0.0028852324
35	0.002873429
36	0.0028292986
37	0.0029080962
38	0.0028503184
39	0.002939607
40	0.0028698388
41	0.0029353782
42	0.002891139
43	0.0030045103
44	0.0029048275
45	0.0030014587
46	0.0029258978
47	0.002979111
48	0.0029433167
49	0.0030483072
50	0.0029467224
51	0.0030579437
52	0.0029527645
53	0.0030765163
54	0.0029649543
55	0.0031044223
56	0.0029871835
57	0.0030455497
58	0.0029999891
59	0.0030830851
60	0.0030110655
61	0.0030780532
62	0.0030142973
63	0.0030915104
64	0.0030208401
65	0.0030970801
66	0.0030196676
67	0.0031581321
68	0.0030191121
69	0.003083961
70	0.0030225183
71	0.003108145
72	0.0030243071
73	0.0031583666
74	0.0030135297
75	0.0030692976
76	0.0030019843
77	0.0031300115
78	0.0029958489
79	0.0030317404
80	0.0029775034
81	0.0031087204
82	0.0030134474
83	0.0031054066
84	0.0029951275
85	0.0030614789
86	0.0029862493
87	0.0030747073
88	0.0029712994
89	0.0030981802
90	0.0029521178
91	0.0030239758
92	0.0029396137
93	0.0029848685
94	0.0029245207
95	0.003063973
96	0.0029005921
97	0.0031260021
98	0.0029058975
99	0.002961226
100	0.0028881241
101	0.0030811106
102	0.0028934567
103	0.0029523913
104	0.0028732993
105	0.0030743305
106	0.0028783159
107	0.0029378238
108	0.0028721942
109	0.0029662661
110	0.0028753635
111	0.0029490794
112	0.0028739026
113	0.0029492155
114	0.0028725703
115	0.0029403094
116	0.0028667551
117	0.0030765441
118	0.0028782056
119	0.0029306866
120	0.0028785408
121	0.0029601391
122	0.0028795019
123	0.0030470717
124	0.0028860682
125	0.0029376212
126	0.0028887427
127	0.0029713797
128	0.0028895687
129	0.0030487547
130	0.0028887454
131	0.003027241
132	0.0028900516
133	0.0030452244
134	0.0028931764
135	0.0030430002
136	0.0028988421
137	0.0032155434
138	0.0029595179
139	0.0030703124
140	0.0029281556
141	0.003129361
142	0.002943716
143	0.0029801306
144	0.0029485874
145	0.0030821505
146	0.0029427792
147	0.0030768636
148	0.0029435848
149	0.0030757516
150	0.002945684
151	0.0030755572
152	0.0029479755
153	0.0031047912
154	0.0029498517
155	0.0030839128
156	0.0029532645
157	0.0030882774
158	0.0029516181
159	0.0030855816
160	0.0029496043
161	0.0030770105
162	0.0029489726
163	0.0030883787
164	0.002946545
165	0.0030634591
166	0.0029462243
167	0.0030945699
168	0.0029446345
169	0.0030811583
170	0.0029474546
171	0.0030509713
172	0.0029485443
173	0.0030742608
174	0.0029428416
175	0.0031162056
176	0.0029390237
177	0.0030886317
178	0.0029501351
179	0.0029768465
180	0.0029511885
181	0.0031031135
182	0.0029402703
183	0.0030717347
184	0.0029416077
185	0.002965099
186	0.0029404337
187	0.0031142388
188	0.002931052
189	0.0030466038
190	0.0029212538
191	0.0030592073
192	0.0029243395
193	0.0029454483
194	0.0029280432
195	0.0029680628
196	0.00291213
197	0.0030213499
198	0.0028960286
199	0.0030155696
200	0.0028905334
201	0.0030123058
202	0.0028978504
203	0.0030030899
204	0.0028778979
205	0.0030004386
206	0.0028683111
207	0.0029880284
208	0.0028586995
209	0.0029762087
210	0.0028471337
211	0.0029658943
212	0.0028363144
213	0.0029663654
214	0.0028322641
215	0.0028475277
216	0.0028230919
217	0.002948021
218	0.0028016092
219	0.0029140325
220	0.0027876135
221	0.0028029073
222	0.0029755301
223	0.0032329035
224	0.0029680137
225	0.0029237377
226	0.0027593594
227	0.0028666947
228	0.0027294777
229	0.0028419521
230	0.0027103569
231	0.0027222461
232	0.0026963037
233	0.0027957501
234	0.0026728213
235	0.0027902593
236	0.0026691795
237	0.0026820492
238	0.0026602515
239	0.0027553626
240	0.0026337313
241	0.0027444166
242	0.0026180426
243	0.0027287277
244	0.0026077171
245	0.0027226376
246	0.0025974606
247	0.002707454
248	0.002586304
249	0.0027058678
250	0.0025742793
251	0.0026899426
252	0.0025624915
253	0.0026767738
254	0.0025500748
255	0.0026692106
256	0.002542621
257	0.0025598513
258	0.0025415606
259	0.0026394428
260	0.002515125
261	0.0026298425
262	0.0025048291
263	0.0025222186
264	0.0025052959
265	0.0025921907
266	0.0024819038
267	0.0025875563
268	0.002468862
269	0.0025790981
270	0.0024617198
271	0.0025731074
272	0.0024543265
273	0.0025669442
274	0.0024469981
275	0.0025607824
276	0.002439821
277	0.0025536197
278	0.0024323347
279	0.0025489727
280	0.0024243343
281	0.0025342211
282	0.0024161761
283	0.0025321332
284	0.0024084405
285	0.0025234494
286	0.0023982186
287	0.002516127
288	0.0023881292
289	0.0025013382
290	0.0023779636
291	0.0024886561
292	0.0023669541
293	0.0024808326
294	0.0023553674
295	0.0024675858
296	0.002343665
297	0.0024581766
298	0.0023323944
299	0.0024468118
300	0.0023219683
301	0.0024373944
302	0.0023113038
303	0.0024296682
304	0.0022998916
305	0.0024130216
306	0.0022883166
307	0.0024041452
308	0.0022756291
309	0.0023889173
310	0.0022630333
311	0.0023814541
312	0.0022513203
313	0.0023629821
314	0.0022395721
315	0.0023522494
316	0.0022274288
317	0.0023376491
318	0.0022161879
319	0.0023252012
320	0.0022050337
321	0.0023158718
322	0.0021980448
323	0.0022952509
324	0.0021857668
325	0.0022920349
326	0.0021727465
327	0.0022803553
328	0.0021626172
329	0.0022658032
330	0.0021523245
331	0.0022577341
332	0.0021417669
333	0.0022459535
334	0.0021304407
335	0.0022295539
336	0.0021186492
337	0.0022194486
338	0.0021090812
339	0.0022125401
340	0.0021076513
341	0.0021739962
342	0.0021024345
343	0.0021157003
344	0.002091989
345	0.0021782199
346	0.002066485
347	0.0021692879
348	0.0020551095
349	0.0021578724
350	0.002049249
351	0.0020754754
352	0.002047865
353	0.0020742544
354	0.0020353812
355	0.002136895
356	0.0020140061
357	0.0021049843
358	0.0020091202
359	0.0020925206
360	0.001996516
361	0.0020965299
362	0.0019830499
363	0.0020842397
364	0.0019727079
365	0.0020753741
366	0.0019630797
367	0.0020590508
368	0.0019527551
369	0.0020538543
370	0.0019420226
371	0.0020474645
372	0.001936148
373	0.0019437463
374	0.0019346779
375	0.0020052157
376	0.0019122363
377	0.0020135941
378	0.0019022028
379	0.0019090033
380	0.0019029539
381	0.0019318475
382	0.0018895895
383	0.0019774162
384	0.0018677304
385	0.0019723883
386	0.0018631192
387	0.0018721204
388	0.0018648042
389	0.0019460732
390	0.0018474983
391	0.0019511186
392	0.001840261
393	0.0018500108
394	0.0018454944
395	0.0019214654
396	0.0018300799
397	0.0019045029
398	0.0018215883
399	0.0018384469
400	0.0018313286
401	0.0018623796
402	0.0018235357
403	0.0019157091
404	0.001799601
405	0.0019016916
406	0.0017952711
407	0.0018063573
408	0.0018035728
409	0.0018805577
410	0.0017908603
411	0.0018936502
412	0.0017827342
413	0.0017922936
414	0.0017918991
415	0.0018663078
416	0.0017787787
417	0.0018714442
418	0.001765885
419	0.0018584384
420	0.0017615036
421	0.0018583263
422	0.0017585909
423	0.0018665942
424	0.0017588368
425	0.001774347
426	0.0017812956
427	0.001815606
428	0.0017788962
429	0.0018636381
430	0.0017514794
431	0.0018496325
432	0.0017427363
433	0.0017553432
434	0.0017605907
435	0.0018318138
436	0.001745022
437	0.001832652
438	0.0017296939
439	0.0018303155
440	0.0017261335
441	0.0017399906
442	0.0017502572
443	0.0018186148
444	0.0017293129
445	0.0018248182
446	0.0017084782
447	0.0017199457
448	0.0017262187
449	0.0017960614
450	0.0017081351
451	0.0018062957
452	0.0016891408
453	0.0016999153
454	0.001705504
455	0.0017827177
456	0.0016874774
457	0.001780583
458	0.0016691987
459	0.001680685
460	0.0016859966
461	0.0017579339
462	0.0016688651
463	0.001763973
464	0.0016516012
465	0.0016611563
466	0.0016661043
467	0.0017425475
468	0.0016496156
469	0.0017466664
470	0.0016325584
471	0.0016398037
472	0.0016443945
473	0.0016802491
474	0.0016396894
475	0.0017461328
476	0.0016169522
477	0.001617751
478	0.0016231326
479	0.0016790653
480	0.001613775
481	0.0017015059
482	0.0015901643
483	0.001594878
484	0.0015969241
485	0.0016396133
486	0.0015867905
487	0.0016931394
488	0.0015692939
489	0.0015719715
490	0.0015760982
491	0.0016083644
492	0.001570951
493	0.0016673325
494	0.0015487145
495	0.0015507881
496	0.0015535363
497	0.0016043782
498	0.0015445228
499	0.0016233769
500	0.0015241209
501	0.0015316229
502	0.001532965
503	0.0015642948
504	0.001522434
505	0.0016141961
506	0.001503089
507	0.0015057365
508	0.0015070195
509	0.0015521096
510	0.0014945939
511	0.0015729405
512	0.0014761057
513	0.0014815099
514	0.0014819785
515	0.001506836
516	0.0014744608
517	0.0015622702
518	0.0014570989
519	0.0014579934
520	0.0014310518
521	0.0014929829
522	0.0014475353
523	0.0015252585
524	0.0014282267
525	0.0014304395
526	0.0014028948
527	0.0014528838
528	0.0013935815
529	0.0015033083
530	0.0014031859
531	0.0014019463
532	0.0013749812
533	0.0014320543
534	0.0013909526
535	0.0014652915
536	0.0013741951
537	0.0013766961
538	0.0013497636
539	0.0014133402
540	0.001363852
541	0.0014290086
542	0.0013487345
543	0.0013307638
544	0.0013285351
545	0.0013487793
546	0.0013224167
547	0.0013979744
548	0.0013315469
549	0.0013079737
550	0.0013062422
551	0.0013351625
552	0.001298176
553	0.0013691421
554	0.001305558
555	0.0012846418
556	0.0012838829
557	0.0013192383
558	0.001271429
559	0.0013387984
560	0.0012786263
561	0.001261818
562	0.0012594232
563	0.0012773689
564	0.0012464639
565	0.0013206632
566	0.0012541566
567	0.0012333056
568	0.0012321472
569	0.0012646816
570	0.0012167997
571	0.0012845355
572	0.0012256656
573	0.0012107276
574	0.0012097945
575	0.0012342618
576	0.0011931591
577	0.0012676516
578	0.0012034113
579	0.0011848341
580	0.0011849855
581	0.0012146375
582	0.0011677599
583	0.0012392766
584	0.0011784067
585	0.0011606849
586	0.0011617652
587	0.0011889127
588	0.0011432596
589	0.0012177592
590	0.0011550491
591	0.0011362645
592	0.0011385763
593	0.001155225
594	0.0011278588
595	0.001205407
596	0.0011316612
597	0.0011081977
598	0.0011114437
599	0.0011369546
600	0.0010977296
601	0.0011684377
602	0.001104977
603	0.0010857204
604	0.0010872588
605	0.0011140995
606	0.0010732984
607	0.0011485883
608	0.0010842167
609	0.0010645795
610	0.0010649797
611	0.0010956913
612	0.0010500418
613	0.0011206638
614	0.0010628429
615	0.0010447674
616	0.0010441647
617	0.0010624209
618	0.0010369035
619	0.00111583
620	0.0010454815
621	0.0010197733
622	0.0010209423
623	0.0010475588
624	0.0010138875
625	0.0010875689
626	0.001026187
627	0.0010002824
628	0.0010015507
629	0.0010286672
630	0.00099276141
631	0.0010570926
632	0.0010059527
633	0.00097910681
634	0.00097914847
635	0.0010000216
636	0.00097166352
637	0.0010380499
638	0.00098600204
639	0.00095559302
640	0.00095607192
641	0.00098434087
642	0.00094350483
643	0.0010018916
644	0.00096181002
645	0.00093584915
646	0.00093573538
647	0.00095784526
648	0.00092299484
649	0.00098378265
650	0.00094156337
651	0.00091417185
652	0.0009149078
653	0.00093764779
654	0.0009023849
655	0.00095432564
656	0.00089108464
657	0.00089327931
658	0.00089374932
659	0.00091227937
660	0.00088290202
661	0.00093583371
662	0.00087208628
663	0.00087296497
664	0.00087291775
665	0.000893194
666	0.00086157993
667	0.0009116636
668	0.00085091794
669	0.00085316989
670	0.00085323582
671	0.00087186242
672	0.00084099443
673	0.00089264662
674	0.00083127521
675	0.00083350755
676	0.0008330534
677	0.00085105455
678	0.00082084299
679	0.00086923565
680	0.00081103982
681	0.00081407141
682	0.00081366974
683	0.00082992984
684	0.00080127152
685	0.00084750383
686	0.00079158049
687	0.00079404647
688	0.00079307265
689	0.00080891408
690	0.0007796205
691	0.0008266913
692	0.00077051814
693	0.00077286089
694	0.00077232019
695	0.00078681905
696	0.00075741185
697	0.00082029451
698	0.00078300868
699	0.00075499763
700	0.00075287081
701	0.00077044808
702	0.00073645036
703	0.000777112
704	0.0007264274
705	0.00073169832
706	0.00073119863
707	0.00074339107
708	0.00071742524
709	0.00076503908
710	0.00070909986
711	0.00071197295
712	0.00071097201
713	0.00072449297
714	0.00069668725
715	0.00073425744
716	0.00068775841
717	0.00069252853
718	0.00069203983
719	0.00070236619
720	0.00068058315
721	0.00071796619
722	0.00067173851
723	0.0006762466
724	0.00067514225
725	0.00068495181
726	0.0006626247
727	0.00069767555
728	0.00065507389
729	0.00065980228
730	0.00065781479
731	0.00066663923
732	0.00064576845
733	0.00067964112
734	0.00063953537
735	0.00064430774
736	0.00064189663
737	0.00064983473
738	0.00063182988
739	0.00066700117
740	0.00062678541
741	0.00063143089
742	0.00062826295
743	0.0006389399
744	0.00061680885
745	0.00064565588
746	0.00061197983
747	0.00061764025
748	0.00061491362
749	0.00062210597
750	0.00060335101
751	0.00063576341
752	0.00060078407
753	0.00060498566
754	0.00060109184
755	0.00061168991
756	0.00059001205
757	0.00061829901
758	0.00058707442
759	0.00059124289
760	0.00058811443
761	0.00059574929
762	0.00057838724
763	0.0006100911
764	0.00057588525
765	0.00057872509
766	0.00057506024
767	0.00058364726
768	0.00056611762
769	0.00059477638
770	0.00056302048
771	0.00056623321
772	0.0005626958
773	0.00057038607
774	0.00055417823
775	0.00058409465
776	0.00055211223
777	0.00055602974
778	0.00055181535
779	0.00055920702
780	0.00054256826
781	0.00056814837
782	0.00054035796
783	0.00054324588
784	0.00054006802
785	0.00054616002
786	0.00053181708
787	0.00055690085
788	0.00052868257
789	0.00053333203
790	0.00053002152
791	0.00053783159
792	0.00052038029
793	0.00054125786
794	0.00051644528
795	0.00052317439
796	0.0005195218
797	0.0005241005
798	0.00051023218
799	0.00053454419
800	0.00050680774
801	0.00051286296
802	0.00050878134
803	0.00051374526
804	0.00049915765
805	0.00052295012
806	0.00049630092
807	0.00050243848
808	0.00049847632
809	0.00050415597
810	0.00048860176
811	0.00050997937
812	0.00048594798
813	0.00049311367
814	0.00048905544
815	0.00049347339
816	0.00048027376
817	0.00049927217
818	0.00047708068
819	0.00048175618
820	0.00047900821
821	0.00049071601
822	0.00047036779
823	0.00049130867
824	0.00047237798
825	0.00047472821
826	0.000470635
827	0.00047500451
828	0.00046518285
829	0.00049036739
830	0.00046164071
831	0.00046641104
832	0.00046128951
833	0.00046843558
834	0.00045434074
835	0.00047731971
836	0.00045192414
837	0.00045716251
838	0.00045327671
839	0.00046081833
840	0.00044487498
841	0.00046898944
842	0.00044458889
843	0.00045020239
844	0.0004457182
845	0.00045027522
846	0.00043853711
847	0.00046436976
848	0.00043774798
849	0.00044180587
850	0.00043693213
851	0.00044488211
852	0.00042870877
853	0.00044629595
854	0.00042993648
855	0.00044940784
856	0.00043397364
857	0.00043195133
858	0.00042855691
859	0.00043604826
860	0.00041884598
861	0.00044271471
862	0.00041951779
863	0.00042216337
864	0.00041780234
865	0.00042418189
866	0.00041029821
867	0.00043773299
868	0.00041338204
869	0.00041510905
870	0.00040836978
871	0.00041942005
872	0.00040027347
873	0.00041300975
874	0.00039919851
875	0.00041776618
876	0.00040280485
877	0.00040106751
878	0.00039855919
879	0.00040508032
880	0.00038783632
881	0.00041249807
882	0.00039294751
883	0.00039423159
884	0.00038913961
885	0.00039727191
886	0.00038069534
887	0.00040160329
888	0.00038382604
889	0.00038544069
890	0.00038120858
891	0.00038944569
892	0.00037345456
893	0.0003897617
894	0.00037486474
895	0.0003760546
896	0.00037274321
897	0.00037822641
898	0.00036483077
899	0.0003909575
900	0.00037319707
901	0.00037163359
902	0.00036521915
903	0.00037228157
904	0.00035770306
905	0.00037735948
906	0.00035995842
907	0.00036019309
908	0.00035580939
909	0.00036182712
910	0.00034918444
911	0.00036536212
912	0.00035045357
913	0.00035112096
914	0.00034651541
915	0.00035359794
916	0.0003393571
917	0.00035117431
918	0.00034025409
919	0.00034153027
920	0.0003377128
921	0.00034235054
922	0.00033036608
923	0.00034934444
924	0.00033752434
925	0.00033754494
926	0.00033104854
927	0.00033625721
928	0.00032446016
929	0.00033845423
930	0.00032615546
931	0.00033280046
932	0.00032588572
933	0.00033026151
934	0.00032074503
935	0.00033123167
936	0.00031844953
937	0.00032057826
938	0.00032051833
939	0.00032613418
940	0.00031372094
941	0.0003321599
942	0.00031639205
943	0.0003181404
944	0.00031235845
945	0.00032121502
946	0.00030714767
947	0.00031747679
948	0.00030638702
949	0.00030844938
950	0.00030528855
951	0.00031186472
952	0.00030035116
953	0.00031202119
954	0.00030234093
955	0.00030325987
956	0.0003002197
957	0.0003071853
958	0.0002968714
959	0.00030955986
960	0.00030104339
961	0.0003022126
962	0.00029802887
963	0.00030399539
964	0.00029378256
965	0.00030936595
966	0.00030017876
967	0.00030121616
968	0.00029536518
969	0.00030042194
970	0.00029095246
971	0.00030681922
972	0.00029722987
973	0.0002994507
974	0.00029376332
975	0.00029859718
976	0.00029030157
977	0.00030748381
978	0.00029807463
979	0.00030043408
980	0.00029401029
981	0.00029863689
982	0.00029000697
983	0.00030835797
984	0.00029847896
985	0.00030086255
986	0.00029312782
987	0.00029789001
988	0.00028853841
989	0.00030533747
990	0.00029577993
991	0.00029751687
992	0.00029202793
993	0.00030022863
994	0.0002882714
995	0.00029821075
996	0.00029126325
997	0.00030231105
998	0.00029738751
999	0.00029567516
1000	0.00029260434
1001	0.00029880302
1002	0.0002860398
1003	0.00030193823
1004	0.00029013467
1005	0.00029342821
1006	0.00028994472
1007	0.00029550031
1008	0.00028330106
1009	0.00029996074
1010	0.0002884659
1011	0.00029297661
1012	0.0002874586
1013	0.00029089205
1014	0.00028170025
1015	0.00029992293
1016	0.0002859225
1017	0.00029055283
1018	0.00028490779
1019	0.00028937271
1020	0.00027842816
1021	0.00029542701
1022	0.00028302525
1023	0.00028917171
1024	0.00028304453
1025	0.00028543384
1026	0.00027639828
1027	0.00029452859
1028	0.00027888461
1029	0.00028686892
1030	0.00028015527
1031	0.00028211365
1032	0.00027297011
1033	0.000292117
1034	0.00027608241
1035	0.00028546451
1036	0.000276995
1037	0.00027954277
1038	0.00026912595
1039	0.0002857941
1040	0.00027359401
1041	0.00028152375
1042	0.00027594513
1043	0.00028016419
1044	0.00027491337
1045	0.00027819978
1046	0.00026804997
1047	0.00028608527
1048	0.00027049364
1049	0.00027853893
1050	0.00027100678
1051	0.00027510395
1052	0.00026376904
1053	0.00027653218
1054	0.00026628828
1055	0.00027092005
1056	0.00026783636
1057	0.00027122867
1058	0.00026549455
1059	0.00027135359
1060	0.00026450143
1061	0.00027059515
1062	0.00026390138
1063	0.00026988085
1064	0.00026255117
1065	0.0002704372
1066	0.00026287199
1067	0.00026991908
1068	0.00026325535
1069	0.0002700652
1070	0.00026387663
1071	0.00027169896
1072	0.00026331246
1073	0.00026783742
1074	0.00026580359
1075	0.00026875381
1076	0.00025755405
1077	0.00026729856
1078	0.00025673757
1079	0.00026115369
1080	0.000257518
1081	0.00026502283
1082	0.0002531082
1083	0.00026312607
1084	0.00025788904
1085	0.00025846452
1086	0.00025286789
1087	0.00025500634
1088	0.0002491862
1089	0.00026336239
1090	0.00025230409
1091	0.00025372198
1092	0.00024764785
1093	0.00025022665
1094	0.00024507325
1095	0.00025921017
1096	0.00025167501
1097	0.00025424448
1098	0.00025284535
1099	0.00025014398
1100	0.00024528809
1101	0.00025506762
1102	0.00024033005
1103	0.00024836807
1104	0.000242724
1105	0.0002446125
1106	0.00024130174
1107	0.00024442326
1108	0.00023893587
1109	0.00025613628
1110	0.00026140722
1111	0.00024591687
1112	0.00023731525
1113	0.00024151439
1114	0.00023399911
1115	0.00024901765
1116	0.00024063539
1117	0.00024021088
1118	0.00023313808
1119	0.0002388566
1120	0.00022955634
1121	0.00023671087
1122	0.0002311644
1123	0.00023540582
1124	0.00023399756
1125	0.00023255345
1126	0.00022911707
1127	0.00023079249
1128	0.00022552717
1129	0.00023444143
1130	0.00022906657
1131	0.00022868068
1132	0.00022457512
1133	0.00023349486
1134	0.00022728886
1135	0.0002304707
1136	0.00022662694
1137	0.00023029332
1138	0.00022587703
1139	0.00023017126
1140	0.00022415005
1141	0.00022586357
1142	0.00022588072
1143	0.00024323009
1144	0.000238287
1145	0.00023045945
1146	0.00022732761
1147	0.00022803442
1148	0.00022403279
1149	0.00023872216
1150	0.00022155422
1151	0.00022298031
1152	0.00022042814
1153	0.00022836925
1154	0.00023539979
1155	0.0002231301
1156	0.00022097291
1157	0.00023434454
1158	0.00021799287
1159	0.00022897689
1160	0.0002266151
1161	0.00022691926
1162	0.00022012891
1163	0.0002321745
1164	0.0002148691
1165	0.00022296992
1166	0.00021873314
1167	0.00022144097
1168	0.0002172895
1169	0.0002206226
1170	0.00021468716
1171	0.00022771849
1172	0.00021913913
1173	0.00022319666
1174	0.00022488424
1175	0.00022276752
1176	0.00021648595
1177	0.00022616364
1178	0.00021174981
1179	0.000225825
1180	0.00022480968
1181	0.00022394481
1182	0.00021608003
1183	0.00022535555
1184	0.00021036373
1185	0.00021334652
1186	0.00020982723
1187	0.00021987927
1188	0.00021295118
1189	0.00021454382
1190	0.00021193537
1191	0.0002165401
1192	0.00020764212
1193	0.00021542107
1194	0.0002080294
1195	0.00021036237
1196	0.00020919159
1197	0.00021521386
1198	0.00022358868
1199	0.00021258345
1200	0.00020842673
1201	0.00021860311
1202	0.00020665731
1203	0.00021430061
1204	0.00020707612
1205	0.00021075554
1206	0.00020717173
1207	0.00021064551
1208	0.0002034046
1209	0.00021870316
1210	0.00021260292
1211	0.00021326338
1212	0.00021302843
1213	0.00021340673
1214	0.00020699125
1215	0.00021086088
1216	0.00020068002
1217	0.00021518544
1218	0.00022017121
1219	0.00021190751
1220	0.0002042805
1221	0.00020697793
1222	0.00019878711
1223	0.00021317987
1224	0.00021800395
1225	0.00020881777
1226	0.00020205425
1227	0.00020397386
1228	0.00019772404
1229	0.00021729056
1230	0.00022561141
1231	0.0002125833
1232	0.00022871866
1233	0.000211363
1234	0.00020401604
1235	0.00021416323
1236	0.00020074063
1237	0.00020876131
1238	0.000205925
1239	0.00020947342
1240	0.00020845238
1241	0.00020735963
1242	0.0002047227
1243	0.00021027627
1244	0.00020494688
1245	0.00020748521
1246	0.00020431967
1247	0.00021695489
1248	0.00019819127
1249	0.00021276461
1250	0.0002039058
1251	0.0002029708
1252	0.00020417639
1253	0.00020424623
1254	0.000202023
1255	0.00020434107
1256	0.00020254802
1257	0.00020705448
1258	0.00021435523
1259	0.00020521396
1260	0.00020598026
1261	0.00021229576
1262	0.00019273522
1263	0.00020907668
1264	0.00020014814
1265	0.0002072156
1266	0.00022545291
1267	0.00020824482
1268	0.00019658559
1269	0.00020121601
1270	0.00018898218
1271	0.00020764799
1272	0.00020668922
1273	0.00020094061
1274	0.00019113114
1275	0.00019465505
1276	0.00018553633
1277	0.00020942212
1278	0.00021105893
1279	0.00020476866
1280	0.00018956784
1281	0.00019281359
1282	0.00018377246
1283	0.00020168288
1284	0.00020244011
1285	0.0001959536
1286	0.00018643379
1287	0.00018926365
1288	0.00018163591
1289	0.00019821477
1290	0.00019308929
1291	0.00019854543
1292	0.00021569638
1293	0.00020132202
1294	0.00018812315
1295	0.00019885298
1296	0.0001814598
1297	0.00018917787
1298	0.00018584337
1299	0.00019465423
1300	0.00020557079
1301	0.00019490985
1302	0.0001863927
1303	0.0001926508
1304	0.00017889568
1305	0.00019849978
1306	0.00019736109
1307	0.00019329691
1308	0.00018312325
1309	0.0001886534
1310	0.000177109
1311	0.00019851094
1312	0.00020033745
1313	0.00019463349
1314	0.00018151265
1315	0.00018798259
1316	0.00017465127
1317	0.00018749908
1318	0.00017973479
1319	0.00018467293
1320	0.00017807005
1321	0.00018293549
1322	0.0001727238
1323	0.00019786752
1324	0.00020570131
1325	0.00019940138
1326	0.00018024736
1327	0.0001840763
1328	0.00017339409
1329	0.00019841635
1330	0.0002047782
1331	0.0001989775
1332	0.00018000598
1333	0.00018540696
1334	0.00017231292
1335	0.00019190214
1336	0.0001966167
1337	0.0001912994
1338	0.00017789438
1339	0.00018507491
1340	0.00017139229
1341	0.00019126107
1342	0.0001999534
1343	0.00019358293
1344	0.00017836034
1345	0.00018247771
1346	0.00016998081
1347	0.00019216087
1348	0.00019595289
1349	0.00019064412
1350	0.00017510008
1351	0.00018282545
1352	0.00016929598
1353	0.00018660946
1354	0.00019218567
1355	0.00018820948
1356	0.00017389205
1357	0.00017975968
1358	0.00016656036
1359	0.00018382412
1360	0.00018825392
1361	0.00018149974
1362	0.00017034679
1363	0.00017703599
1364	0.00016420768
1365	0.00018576879
1366	0.000192785
1367	0.00018782246
1368	0.00017048647
1369	0.00017899311
1370	0.00016514246
1371	0.00017866307
1372	0.00017142951
1373	0.00017821371
1374	0.00016743051
1375	0.00017643229
1376	0.00016237267
1377	0.00017872055
1378	0.00018456663
1379	0.00018072661
1380	0.00016663004
1381	0.00017105465
1382	0.00015994625
1383	0.00018197135
1384	0.00018732061
1385	0.00017364491
1386	0.00018886609
1387	0.00017854371
1388	0.00016630963
1389	0.00017159163
1390	0.00016058736
1391	0.00017811857
1392	0.00016899862
1393	0.00017449863
1394	0.00019006163
1395	0.00018020908
1396	0.00016602784
1397	0.00017522118
1398	0.00015904998
1399	0.000171348
1400	0.00016539291
1401	0.00017285055
1402	0.00018849022
1403	0.00017728524
1404	0.00016419419
1405	0.00017515486
1406	0.00015825323
1407	0.00017154757
1408	0.00016564579
1409	0.0001717005
1410	0.00018755004
1411	0.00017672536
1412	0.0001643802
1413	0.00016991815
1414	0.00015741759
1415	0.0001783883
1416	0.00016679524
1417	0.00017564614
1418	0.00019751994
1419	0.00018507588
1420	0.00016626255
1421	0.00017269342
1422	0.00015712945
1423	0.0001803881
1424	0.00017769388
1425	0.00017642105
1426	0.00016140871
1427	0.00016553346
1428	0.0001554919
1429	0.00017694161
1430	0.00017875907
1431	0.00017100868
1432	0.00018819073
1433	0.00017619657
1434	0.00016118573
1435	0.00016735515
1436	0.00015178315
1437	0.0001692604
1438	0.00016165318
1439	0.00016757508
1440	0.00018334039
1441	0.00017365783
1442	0.00015982561
1443	0.00016459851
1444	0.00015291895
1445	0.00016787056
1446	0.00015638108
1447	0.00016457477
1448	0.00017819667
1449	0.0001695328
1450	0.0001568407
1451	0.00016435476
1452	0.0001482768
1453	0.00016662299
1454	0.00016771791
1455	0.0001653575
1456	0.00015319709
1457	0.00015906558
1458	0.00014514627
1459	0.00016304308
1460	0.00016480937
1461	0.0001623524
1462	0.00015049689
1463	0.00015520849
1464	0.00014369052
1465	0.00016758867
1466	0.0001717964
1467	0.00016693156
1468	0.00014932375
1469	0.00015529837
1470	0.0001428383
1471	0.0001633899
1472	0.00016650672
1473	0.00016398451
1474	0.00014825482
1475	0.00015158527
1476	0.00014258745
1477	0.00015900996
1478	0.00015223404
1479	0.00014783287
1480	0.00015448791
1481	0.00015150349
1482	0.00015978652
1483	0.00015353225
1484	0.00014710364
1485	0.00015272017
1486	0.0001424579
1487	0.00016280056
1488	0.00016862902
1489	0.00015419609
1490	0.00015790307
1491	0.00015819885
1492	0.00014766579
1493	0.00016100745
1494	0.00014004344
1495	0.0001641704
1496	0.00017452444
1497	0.00016891594
1498	0.00014887293
1499	0.00015807891
1500	0.00014077406
1501	0.00016647392
1502	0.0001724763
1503	0.00016853357
1504	0.00014747548
1505	0.00015879111
1506	0.00014495103
1507	0.00015248839
1508	0.00015043143
1509	0.00015277326
1510	0.00017008967
1511	0.00015878248
1512	0.0001444109
1513	0.0001569588
1514	0.00013858806
1515	0.00015814469
1516	0.00015226002
1517	0.00014320351
1518	0.00014901312
1519	0.00015180584
1520	0.0001620552
1521	0.00015622172
1522	0.00014838929
1523	0.00015783796
1524	0.000138095
1525	0.00015662071
1526	0.00015507415
1527	0.00015293077
1528	0.00014074165
1529	0.00015579634
1530	0.00013746586
1531	0.00014955253
1532	0.00015305834
1533	0.00015077986
1534	0.00013993136
1535	0.00014573191
1536	0.00013462864
1537	0.00014920183
1538	0.00015378489
1539	0.00014855616
1540	0.0001378641
1541	0.00014352995
1542	0.00013331131
1543	0.00014393943
1544	0.00014275735
1545	0.00014815749
1546	0.00016658079
1547	0.00015743395
1548	0.00013950317
1549	0.00014599129
1550	0.00013339284
1551	0.0001453031
1552	0.00014233181
1553	0.00014521109
1554	0.00016063564
1555	0.0001526762
1556	0.00013828496
1557	0.00014367299
1558	0.00013394535
1559	0.00015328134
1560	0.00015206143
1561	0.00015051619
1562	0.00013712354
1563	0.0001416268
1564	0.00013236261
1565	0.00015065675
1566	0.00015620817
1567	0.0001374364
1568	0.00014399156
1569	0.00014086482
1570	0.00015236028
1571	0.00014542139
1572	0.00015677498
1573	0.00015376114
1574	0.00014137174
1575	0.00015315481
1576	0.00013580126
1577	0.00014900842
1578	0.00014019007
1579	0.00014246805
1580	0.00015541364
1581	0.00015042041
1582	0.0001381923
1583	0.00014234399
1584	0.00013199522
1585	0.00014566732
1586	0.00013999983
1587	0.00013433683
