1	0.0041329979
2	0.00059949023
3	0.00027259302
4	0.00033454089
5	0.00023272069
6	7.5531908e-05
7	7.5880367e-05
8	6.9730804e-05
9	4.4966617e-05
10	4.0806268e-05
11	2.4215258e-05
12	3.0508281e-05
13	2.2037921e-05
14	2.0510036e-05
15	1.9118453e-05
16	1.8649783e-05
17	1.7731117e-05
18	1.6622126e-05
19	1.5365198e-05
20	1.4169214e-05
21	1.33606e-05
22	1.2412492e-05
23	2.765972e-05
24	2.6287187e-05
25	2.6068698e-05
26	2.4547471e-05
27	2.4514935e-05
28	2.0113379e-05
29	2.3369016e-05
30	1.9309086e-05
31	2.2029836e-05
32	1.80424e-05
33	2.0947052e-05
34	1.7241196e-05
35	1.9767801e-05
36	2.0149644e-05
37	2.0395525e-05
38	2.0892481e-05
39	2.1108183e-05
40	2.1610804e-05
41	2.2267094e-05
42	2.315396e-05
43	2.3562364e-05
44	2.3209026e-05
45	2.3833185e-05
46	2.3987287e-05
47	2.5371623e-05
48	2.6336865e-05
49	2.6886979e-05
50	2.5779956e-05
51	2.6492493e-05
52	2.5352878e-05
53	2.6777527e-05
54	2.5279599e-05
55	2.7000444e-05
56	2.4772362e-05
57	2.650151e-05
58	2.6290449e-05
59	2.8181988e-05
60	2.7140191e-05
61	2.8966191e-05
62	2.7973157e-05
63	2.991105e-05
64	2.8475988e-05
65	3.0445338e-05
66	2.8851208e-05
67	3.1344254e-05
68	2.7680965e-05
69	3.0029008e-05
70	2.8461732e-05
71	3.1073125e-05
72	2.8581167e-05
73	3.1036223e-05
74	2.6681196e-05
75	2.8616127e-05
76	2.7125305e-05
77	2.9780524e-05
78	2.5463415e-05
79	2.6640654e-05
80	2.5913057e-05
81	2.7703645e-05
82	2.0296994e-05
83	2.6010274e-05
84	1.8498134e-05
85	2.0333611e-05
86	1.9119371e-05
87	2.0669207e-05
88	1.8433008e-05
89	1.9617087e-05
90	1.635132e-05
91	1.7652902e-05
92	1.63003e-05
93	1.6800429e-05
94	1.6082126e-05
95	1.6983127e-05
96	1.4084862e-05
97	1.6191912e-05
98	2.7875331e-05
99	1.4219008e-05
100	1.3704382e-05
101	1.484102e-05
102	2.6239135e-05
103	2.8391525e-05
104	2.8116993e-05
105	1.4274168e-05
106	2.4382368e-05
107	2.5811129e-05
108	2.5744672e-05
109	2.8036086e-05
110	2.5513385e-05
111	2.6628784e-05
112	2.4914465e-05
113	2.5910726e-05
114	2.4450012e-05
115	2.525341e-05
116	2.4369656e-05
117	2.673664e-05
118	2.2905245e-05
119	2.3365184e-05
120	2.3441264e-05
121	2.4541288e-05
122	2.3620509e-05
123	2.520446e-05
124	2.2831064e-05
125	2.2839163e-05
126	2.3042075e-05
127	2.3958163e-05
128	2.3004469e-05
129	2.4242617e-05
130	2.2657957e-05
131	2.2746824e-05
132	2.2363332e-05
133	2.2742754e-05
134	2.1972799e-05
135	2.2623242e-05
136	2.1853434e-05
137	2.4513559e-05
138	2.195182e-05
139	2.125694e-05
140	2.0093054e-05
141	2.1933715e-05
142	2.1114069e-05
143	2.1568418e-05
144	2.221353e-05
145	2.4089771e-05
146	2.1907601e-05
147	2.276796e-05
148	2.1985961e-05
149	2.2727829e-05
150	2.2010265e-05
151	2.2912077e-05
152	2.2011809e-05
153	2.3387034e-05
154	2.1923882e-05
155	2.2700649e-05
156	2.2081647e-05
157	2.300953e-05
158	2.2050113e-05
159	2.3036031e-05
160	2.2120893e-05
161	2.2919531e-05
162	2.1942007e-05
163	2.3081725e-05
164	2.199273e-05
165	2.248146e-05
166	2.1979592e-05
167	2.3087925e-05
168	2.1869417e-05
169	2.2495717e-05
170	2.1941287e-05
171	2.2190687e-05
172	2.2035854e-05
173	2.2413778e-05
174	2.2966333e-05
175	2.2226537e-05
176	2.1664227e-05
177	2.2141702e-05
178	2.1125498e-05
179	2.2177497e-05
180	2.3122337e-05
181	2.3106342e-05
182	2.1857001e-05
183	2.3936564e-05
184	2.1834059e-05
185	2.3323562e-05
186	2.4480657e-05
187	2.314881e-05
188	2.1650959e-05
189	2.4864494e-05
190	2.3894439e-05
191	2.4602377e-05
192	2.2713308e-05
193	2.5461988e-05
194	2.6219808e-05
195	2.5009435e-05
196	2.459891e-05
197	2.7582357e-05
198	2.4411889e-05
199	2.622978e-05
200	2.5552781e-05
201	2.4342374e-05
202	2.3533873e-05
203	2.5397823e-05
204	2.4462468e-05
205	2.5796793e-05
206	2.5265131e-05
207	2.6610824e-05
208	2.5424435e-05
209	2.6324415e-05
210	2.5173416e-05
211	2.6190444e-05
212	2.4719588e-05
213	2.6785165e-05
214	2.3044431e-05
215	2.4908944e-05
216	2.5908572e-05
217	2.6770909e-05
218	2.2871586e-05
219	2.7007151e-05
220	2.2072101e-05
221	2.3909607e-05
222	2.6269959e-05
223	2.140559e-05
224	2.318456e-05
225	1.8104876e-05
226	2.0291724e-05
227	2.1879225e-05
228	2.4117507e-05
229	2.5195655e-05
230	2.232887e-05
231	2.3185545e-05
232	2.4079261e-05
233	2.5010279e-05
234	2.1718253e-05
235	2.4787053e-05
236	2.2738142e-05
237	2.3011854e-05
238	2.4152643e-05
239	2.4261175e-05
240	2.1563853e-05
241	2.375238e-05
242	2.1757901e-05
243	2.1607061e-05
244	2.2335278e-05
245	2.1926952e-05
246	2.220217e-05
247	2.1957455e-05
248	2.2093142e-05
249	2.2348737e-05
250	2.2038117e-05
251	2.2156391e-05
252	2.2203743e-05
253	2.211811e-05
254	2.2214797e-05
255	2.2508943e-05
256	2.0733757e-05
257	2.2867884e-05
258	2.3887788e-05
259	2.3772482e-05
260	2.1346497e-05
261	2.4388356e-05
262	2.1032323e-05
263	2.3047817e-05
264	2.4128753e-05
265	2.3029426e-05
266	2.1563281e-05
267	2.3376258e-05
268	2.2316191e-05
269	2.1591391e-05
270	2.2825809e-05
271	2.1229504e-05
272	2.2602521e-05
273	2.1450627e-05
274	2.2413248e-05
275	2.1344648e-05
276	2.2395327e-05
277	2.1337405e-05
278	2.2356421e-05
279	2.1246603e-05
280	2.220581e-05
281	2.1159561e-05
282	2.2125501e-05
283	2.1496572e-05
284	2.2034321e-05
285	2.1547644e-05
286	2.2032649e-05
287	2.1811978e-05
288	2.2039501e-05
289	2.1586584e-05
290	2.2042064e-05
291	2.1702009e-05
292	2.1892983e-05
293	2.2043923e-05
294	2.1786446e-05
295	2.1875134e-05
296	2.1785924e-05
297	2.1986951e-05
298	2.175417e-05
299	2.1932513e-05
300	2.1773815e-05
301	2.1761959e-05
302	2.1696121e-05
303	2.1911331e-05
304	2.1591276e-05
305	2.1363876e-05
306	2.1510114e-05
307	2.1518602e-05
308	2.1250432e-05
309	2.1409722e-05
310	2.1122795e-05
311	2.1525016e-05
312	2.10543e-05
313	2.0902942e-05
314	2.0919368e-05
315	2.0992133e-05
316	2.0617846e-05
317	2.0592648e-05
318	2.0444383e-05
319	2.0519319e-05
320	2.0235315e-05
321	2.0357877e-05
322	2.0772257e-05
323	1.9963748e-05
324	2.0152768e-05
325	2.0074373e-05
326	1.9828803e-05
327	1.9902403e-05
328	1.9807126e-05
329	1.9529438e-05
330	1.9720369e-05
331	1.9634242e-05
332	1.9592757e-05
333	1.9415795e-05
334	1.9554335e-05
335	1.9326827e-05
336	1.9391881e-05
337	1.9395165e-05
338	1.9340154e-05
339	1.9484661e-05
340	2.0650896e-05
341	1.9265452e-05
342	1.9208645e-05
343	2.0015486e-05
344	2.0679536e-05
345	2.1163041e-05
346	1.8708816e-05
347	2.0646042e-05
348	1.9612253e-05
349	1.9146325e-05
350	1.9495519e-05
351	2.0397183e-05
352	9.630927e-06
353	1.9977427e-05
354	8.6975388e-06
355	9.5936485e-06
356	1.9602499e-05
357	1.9673471e-05
358	9.7862066e-06
359	1.942102e-05
360	9.3212941e-06
361	2.0009884e-05
362	9.1383622e-06
363	1.9728943e-05
364	9.2358008e-06
365	1.9618365e-05
366	9.2065442e-06
367	1.9554465e-05
368	9.2166093e-06
369	1.9927412e-05
370	9.2442252e-06
371	2.0055287e-05
372	8.6140283e-06
373	9.2829496e-06
374	9.868493e-06
375	9.4951008e-06
376	8.7978782e-06
377	9.9872879e-06
378	8.8580814e-06
379	9.7656831e-06
380	1.0334238e-05
381	9.1747217e-06
382	9.3285707e-06
383	1.0832311e-05
384	9.5605414e-06
385	9.6906876e-06
386	9.6793018e-06
387	1.0228793e-05
388	1.0871431e-05
389	1.0379642e-05
390	9.7147062e-06
391	1.0486004e-05
392	9.6939228e-06
393	1.0460129e-05
394	1.134376e-05
395	1.0326869e-05
396	1.0436816e-05
397	1.009956e-05
398	1.0164779e-05
399	1.0356608e-05
400	1.1410622e-05
401	1.0333022e-05
402	1.1035282e-05
403	1.1152676e-05
404	1.0793437e-05
405	9.9373465e-06
406	1.0759285e-05
407	1.137218e-05
408	1.2373867e-05
409	1.087786e-05
410	1.1274366e-05
411	1.0866218e-05
412	1.0720973e-05
413	1.1453509e-05
414	1.2723274e-05
415	1.0998348e-05
416	1.1794771e-05
417	1.0571396e-05
418	1.1615056e-05
419	9.9038467e-06
420	1.1953043e-05
421	1.0126311e-05
422	1.189406e-05
423	1.0109855e-05
424	1.1084009e-05
425	1.1953023e-05
426	1.2889562e-05
427	1.2007644e-05
428	1.2402662e-05
429	1.1005623e-05
430	1.1458056e-05
431	9.9176953e-06
432	1.121608e-05
433	1.1902531e-05
434	1.2798944e-05
435	1.1238212e-05
436	1.1696714e-05
437	1.0303501e-05
438	1.1325861e-05
439	9.5936173e-06
440	1.0997232e-05
441	1.1738564e-05
442	1.2421965e-05
443	1.0841936e-05
444	1.1233752e-05
445	1.0275361e-05
446	1.0578218e-05
447	1.1170124e-05
448	1.1871097e-05
449	1.0418662e-05
450	1.1069114e-05
451	9.8822632e-06
452	1.0405214e-05
453	1.1045079e-05
454	1.1595833e-05
455	1.0049074e-05
456	1.0835182e-05
457	9.6070529e-06
458	1.0461311e-05
459	1.1045308e-05
460	1.1428128e-05
461	9.7891446e-06
462	1.0610832e-05
463	9.4339223e-06
464	1.0274578e-05
465	1.0939056e-05
466	1.1152338e-05
467	9.4822983e-06
468	1.0217048e-05
469	9.3368052e-06
470	1.0100666e-05
471	1.0867808e-05
472	1.0887633e-05
473	9.813952e-06
474	1.008184e-05
475	1.0024612e-05
476	9.5299424e-06
477	1.0819143e-05
478	1.0871151e-05
479	9.1183347e-06
480	9.4369439e-06
481	9.2191009e-06
482	9.2934328e-06
483	1.0318708e-05
484	1.0336078e-05
485	8.9111605e-06
486	9.2693812e-06
487	9.3193897e-06
488	8.9545951e-06
489	1.0311734e-05
490	1.0118424e-05
491	8.8729947e-06
492	9.0538583e-06
493	9.1983559e-06
494	8.4526981e-06
495	9.8035549e-06
496	9.7280732e-06
497	8.1875796e-06
498	8.3765681e-06
499	8.3291446e-06
500	8.1995008e-06
501	9.3897116e-06
502	9.2856095e-06
503	8.1242982e-06
504	8.3609666e-06
505	8.5411029e-06
506	8.0256991e-06
507	9.1126808e-06
508	8.9650016e-06
509	7.7532933e-06
510	7.8368167e-06
511	8.0779028e-06
512	7.8301008e-06
513	8.7175228e-06
514	8.5414218e-06
515	7.9126581e-06
516	7.9309655e-06
517	8.497267e-06
518	7.8232901e-06
519	8.4731757e-06
520	1.0297584e-05
521	7.8691321e-06
522	7.6688795e-06
523	8.178143e-06
524	7.4646481e-06
525	8.0964957e-06
526	9.9677322e-06
527	8.0433113e-06
528	9.683294e-06
529	8.2813283e-06
530	7.4358447e-06
531	7.9443111e-06
532	9.8827325e-06
533	8.0356646e-06
534	7.8029942e-06
535	8.0142426e-06
536	7.1824821e-06
537	7.800272e-06
538	9.888476e-06
539	8.0072494e-06
540	7.7704683e-06
541	7.8274049e-06
542	7.2068824e-06
543	9.7488858e-06
544	1.0279527e-05
545	1.0456177e-05
546	1.0237541e-05
547	1.0256395e-05
548	7.5427392e-06
549	9.8008411e-06
550	1.04988e-05
551	1.0554419e-05
552	1.0229473e-05
553	1.0268406e-05
554	7.4843778e-06
555	1.0154362e-05
556	1.0947184e-05
557	1.0626785e-05
558	1.0120222e-05
559	1.0277871e-05
560	7.4921702e-06
561	1.0489481e-05
562	1.1171022e-05
563	1.0822304e-05
564	1.0521608e-05
565	1.0715857e-05
566	7.3934095e-06
567	1.0317633e-05
568	1.1197731e-05
569	1.0535705e-05
570	9.9302065e-06
571	1.0763189e-05
572	7.1932063e-06
573	1.0580292e-05
574	1.1423735e-05
575	1.0569311e-05
576	9.9030712e-06
577	1.136826e-05
578	7.0983493e-06
579	1.0349113e-05
580	1.1324324e-05
581	1.0669932e-05
582	9.7395916e-06
583	1.1676736e-05
584	7.0824733e-06
585	1.045555e-05
586	1.1477885e-05
587	1.0889669e-05
588	9.8807023e-06
589	1.2071286e-05
590	7.2036856e-06
591	1.0609373e-05
592	5.4286699e-06
593	1.0921558e-05
594	1.0449903e-05
595	5.846237e-06
596	7.3166007e-06
597	1.069547e-05
598	5.5164965e-06
599	1.0900421e-05
600	1.0081697e-05
601	5.5790182e-06
602	7.3806273e-06
603	5.1649148e-06
604	5.3877421e-06
605	1.0678255e-05
606	9.9455127e-06
607	5.5138134e-06
608	7.5620692e-06
609	5.2815362e-06
610	5.4238462e-06
611	1.0274496e-05
612	9.5933491e-06
613	5.2648455e-06
614	7.6510529e-06
615	5.279597e-06
616	5.3475295e-06
617	1.004882e-05
618	1.006981e-05
619	5.2812246e-06
620	7.5396354e-06
621	5.0684874e-06
622	5.2375976e-06
623	9.765285e-06
624	9.7024069e-06
625	5.1198699e-06
626	7.8758629e-06
627	5.2107859e-06
628	5.2462113e-06
629	9.692743e-06
630	9.5312683e-06
631	4.7648341e-06
632	7.9461857e-06
633	5.2379836e-06
634	5.1229833e-06
635	9.5539893e-06
636	9.5433289e-06
637	4.6624416e-06
638	8.1636636e-06
639	5.0842982e-06
640	4.9516363e-06
641	9.015857e-06
642	8.6455434e-06
643	9.7452746e-06
644	7.9051121e-06
645	4.9839315e-06
646	4.8190292e-06
647	8.8810466e-06
648	8.6550287e-06
649	9.7414763e-06
650	8.0275358e-06
651	4.8290789e-06
652	4.819354e-06
653	8.9250111e-06
654	8.7349113e-06
655	4.4097181e-06
656	4.3963138e-06
657	4.6562568e-06
658	4.6255362e-06
659	9.1051418e-06
660	3.9844787e-06
661	4.7145701e-06
662	4.5250506e-06
663	4.7065054e-06
664	4.660051e-06
665	4.027564e-06
666	3.9504033e-06
667	4.8199578e-06
668	4.5889588e-06
669	4.8031786e-06
670	4.7527429e-06
671	4.016286e-06
672	3.9671178e-06
673	5.0551546e-06
674	4.6822823e-06
675	4.9092784e-06
676	4.7585034e-06
677	4.0219818e-06
678	3.9467437e-06
679	5.1037667e-06
680	4.6871044e-06
681	4.9607905e-06
682	4.7938149e-06
683	4.0526213e-06
684	3.9373878e-06
685	5.1074276e-06
686	4.6707302e-06
687	5.0317912e-06
688	4.819731e-06
689	4.1005479e-06
690	3.929427e-06
691	5.201115e-06
692	4.7186893e-06
693	5.2078256e-06
694	4.9901516e-06
695	4.082497e-06
696	3.9757255e-06
697	5.8129234e-06
698	4.419489e-06
699	5.7529161e-06
700	5.5052867e-06
701	4.0658059e-06
702	3.9586886e-06
703	5.1443529e-06
704	4.4808316e-06
705	5.2830908e-06
706	5.2109882e-06
707	4.1190318e-06
708	4.3114706e-06
709	5.3909781e-06
710	4.7262466e-06
711	5.4795896e-06
712	5.4876807e-06
713	4.1914614e-06
714	4.3727106e-06
715	5.2973971e-06
716	4.6079852e-06
717	5.4209546e-06
718	5.4817489e-06
719	4.3143379e-06
720	4.5609785e-06
721	5.276255e-06
722	4.6841717e-06
723	5.4965923e-06
724	5.5417265e-06
725	4.3427189e-06
726	4.5608976e-06
727	5.1363394e-06
728	4.7621149e-06
729	5.6055805e-06
730	5.5734548e-06
731	4.3782659e-06
732	4.5717138e-06
733	5.0873043e-06
734	4.8375958e-06
735	5.6376782e-06
736	5.57278e-06
737	4.4213643e-06
738	4.6152334e-06
739	5.1172719e-06
740	4.9474351e-06
741	5.7104969e-06
742	5.6117444e-06
743	4.4364685e-06
744	4.4784409e-06
745	4.9680872e-06
746	4.910284e-06
747	5.6759158e-06
748	5.5556792e-06
749	4.4100982e-06
750	4.5602824e-06
751	5.080135e-06
752	5.0199477e-06
753	5.6748622e-06
754	5.4289768e-06
755	4.4152847e-06
756	4.4414563e-06
757	4.9475292e-06
758	4.9170155e-06
759	5.5881451e-06
760	5.2650644e-06
761	4.3113072e-06
762	4.4547149e-06
763	5.0420734e-06
764	4.9119899e-06
765	5.5494776e-06
766	5.2448679e-06
767	4.2117804e-06
768	4.2729791e-06
769	4.9041413e-06
770	4.7821277e-06
771	5.3819989e-06
772	5.0180757e-06
773	4.0923125e-06
774	4.1451456e-06
775	4.8278731e-06
776	4.7223e-06
777	5.3455172e-06
778	4.9585932e-06
779	3.9474558e-06
780	3.9721028e-06
781	4.5454216e-06
782	4.5802483e-06
783	4.9616701e-06
784	4.5655435e-06
785	3.7811924e-06
786	3.8679329e-06
787	4.446156e-06
788	4.3846783e-06
789	4.928279e-06
790	4.482942e-06
791	3.6566432e-06
792	3.6350263e-06
793	4.1283023e-06
794	4.1174827e-06
795	4.7411813e-06
796	4.2815491e-06
797	3.49942e-06
798	3.602999e-06
799	4.2193449e-06
800	4.0632357e-06
801	4.6333167e-06
802	4.2256587e-06
803	3.331366e-06
804	3.5304686e-06
805	4.1258233e-06
806	3.9695985e-06
807	4.5933164e-06
808	4.2233624e-06
809	3.4304975e-06
810	3.4580255e-06
811	4.017705e-06
812	3.8212126e-06
813	4.4907078e-06
814	4.1636114e-06
815	3.4230542e-06
816	3.5331296e-06
817	4.0488479e-06
818	3.8577764e-06
819	4.1691817e-06
820	4.1324907e-06
821	3.7033319e-06
822	3.7143636e-06
823	3.9359772e-06
824	4.1940889e-06
825	4.3245622e-06
826	4.0969604e-06
827	3.5706469e-06
828	3.7581626e-06
829	4.5400374e-06
830	4.2067296e-06
831	2.6532497e-06
832	4.5538794e-06
833	3.6769908e-06
834	3.7110162e-06
835	4.5567007e-06
836	4.2966932e-06
837	2.8344599e-06
838	2.4754699e-06
839	3.8695624e-06
840	3.8481538e-06
841	2.8574895e-06
842	2.2906281e-06
843	3.0363301e-06
844	2.6531203e-06
845	3.9078731e-06
846	4.0357439e-06
847	3.0485742e-06
848	2.5315105e-06
849	2.9611416e-06
850	2.6311034e-06
851	4.2326287e-06
852	4.1442586e-06
853	2.5168456e-06
854	2.5088518e-06
855	2.5004189e-06
856	2.5781522e-06
857	2.9294148e-06
858	2.5820155e-06
859	2.3114659e-06
860	2.168664e-06
861	3.1075881e-06
862	2.5357583e-06
863	2.9926005e-06
864	2.5592464e-06
865	4.1419752e-06
866	2.1320589e-06
867	3.0616773e-06
868	2.5365787e-06
869	3.0682682e-06
870	2.4888148e-06
871	4.1156687e-06
872	3.8683639e-06
873	2.4795153e-06
874	2.3669535e-06
875	2.2252999e-06
876	2.3899155e-06
877	2.571343e-06
878	2.227284e-06
879	3.8111159e-06
880	3.626867e-06
881	2.6000407e-06
882	2.2623359e-06
883	2.7100335e-06
884	2.2072011e-06
885	3.7022304e-06
886	3.4583639e-06
887	2.4527289e-06
888	2.1153831e-06
889	2.5411408e-06
890	2.1099923e-06
891	3.6856248e-06
892	3.3942912e-06
893	3.8715261e-06
894	1.988414e-06
895	2.2075371e-06
896	2.0177996e-06
897	3.537166e-06
898	3.4839831e-06
899	2.4314526e-06
900	2.1199022e-06
901	2.8518128e-06
902	2.277606e-06
903	3.480235e-06
904	3.3971368e-06
905	2.3217326e-06
906	2.0054651e-06
907	2.6636861e-06
908	2.1878357e-06
909	3.3318108e-06
910	3.4314057e-06
911	2.1927109e-06
912	1.9586834e-06
913	2.4358174e-06
914	2.1007192e-06
915	3.4012795e-06
916	1.7234645e-06
917	3.3882818e-06
918	1.9400037e-06
919	2.3163067e-06
920	2.1227012e-06
921	3.3051339e-06
922	1.7223932e-06
923	2.085501e-06
924	2.141091e-06
925	2.6781143e-06
926	2.3005669e-06
927	3.197539e-06
928	1.6613316e-06
929	1.9374123e-06
930	2.0846695e-06
931	3.095309e-06
932	2.3406455e-06
933	2.970926e-06
934	2.1196352e-06
935	3.0837067e-06
936	1.9116935e-06
937	2.3784202e-06
938	2.0851459e-06
939	3.1135272e-06
940	1.6410354e-06
941	1.9107143e-06
942	1.8994193e-06
943	2.5212191e-06
944	2.2393162e-06
945	2.9382725e-06
946	3.0309006e-06
947	2.8619904e-06
948	1.8175373e-06
949	2.2206206e-06
950	1.9674416e-06
951	2.7195683e-06
952	1.5233021e-06
953	2.782342e-06
954	1.7662568e-06
955	2.162564e-06
956	1.9458149e-06
957	2.6277896e-06
958	2.9640995e-06
959	2.8101596e-06
960	1.7875476e-06
961	2.2812329e-06
962	2.0384786e-06
963	2.5641817e-06
964	1.5331801e-06
965	2.896143e-06
966	1.793132e-06
967	1.8748893e-06
968	2.0772056e-06
969	2.5375948e-06
970	2.7620812e-06
971	2.8571084e-06
972	1.6890292e-06
973	1.8066928e-06
974	2.0457144e-06
975	2.5249265e-06
976	2.7071418e-06
977	2.8782747e-06
978	1.7412655e-06
979	2.6899609e-06
980	2.0616592e-06
981	2.4727932e-06
982	2.6168559e-06
983	2.8858613e-06
984	1.7236692e-06
985	2.7748496e-06
986	2.0328097e-06
987	2.3652178e-06
988	2.5523522e-06
989	2.7214492e-06
990	1.6233121e-06
991	2.5882638e-06
992	1.977448e-06
993	2.3835629e-06
994	2.3875596e-06
995	2.3186867e-06
996	1.6061046e-06
997	2.302001e-06
998	1.6609144e-06
999	2.5185764e-06
1000	1.9345514e-06
1001	2.3705931e-06
1002	2.3009991e-06
1003	2.5427277e-06
1004	2.8664274e-06
1005	2.5595936e-06
1006	1.9760945e-06
1007	2.307515e-06
1008	2.2586529e-06
1009	2.6134075e-06
1010	1.5437734e-06
1011	1.8905707e-06
1012	1.9820459e-06
1013	2.2711306e-06
1014	2.2835394e-06
1015	2.4249071e-06
1016	1.5490207e-06
1017	1.9319416e-06
1018	2.0032247e-06
1019	2.3351972e-06
1020	2.2484143e-06
1021	2.2578752e-06
1022	1.431119e-06
1023	2.0881756e-06
1024	2.3168659e-06
1025	2.3155923e-06
1026	2.2885224e-06
1027	2.3456507e-06
1028	1.3809311e-06
1029	2.0123126e-06
1030	1.9532778e-06
1031	2.2515837e-06
1032	2.2230983e-06
1033	2.4044274e-06
1034	1.3833972e-06
1035	2.0060598e-06
1036	1.9121545e-06
1037	2.2610756e-06
1038	2.1467625e-06
1039	2.278188e-06
1040	1.5948607e-06
1041	2.4167814e-06
1042	1.6585895e-06
1043	1.9202464e-06
1044	1.7274294e-06
1045	2.2792728e-06
1046	2.1521128e-06
1047	2.4764098e-06
1048	1.4676788e-06
1049	1.7078322e-06
1050	1.7917958e-06
1051	2.2203362e-06
1052	2.0039011e-06
1053	2.1017961e-06
1054	1.4655748e-06
1055	2.133249e-06
1056	1.6608348e-06
1057	2.0877647e-06
1058	1.4150285e-06
1059	2.1368127e-06
1060	1.4233519e-06
1061	2.0770617e-06
1062	1.4162728e-06
1063	2.0775372e-06
1064	1.3613916e-06
1065	2.1242861e-06
1066	1.3654806e-06
1067	2.1053493e-06
1068	1.3617041e-06
1069	2.0992892e-06
1070	1.3610395e-06
1071	2.1479498e-06
1072	2.4886622e-06
1073	1.980615e-06
1074	2.5771663e-06
1075	2.0873988e-06
1076	1.9947439e-06
1077	2.256307e-06
1078	1.4736499e-06
1079	2.0033201e-06
1080	2.5132874e-06
1081	2.1485566e-06
1082	2.2208648e-06
1083	2.2619484e-06
1084	1.453094e-06
1085	2.112283e-06
1086	2.4646123e-06
1087	1.8614212e-06
1088	1.9805432e-06
1089	2.3608496e-06
1090	1.3203842e-06
1091	2.0929807e-06
1092	1.8564793e-06
1093	1.7654562e-06
1094	1.9827399e-06
1095	2.3368747e-06
1096	1.4122172e-06
1097	2.0601927e-06
1098	1.5118319e-06
1099	2.2214712e-06
1100	1.8850201e-06
1101	2.1800655e-06
1102	2.1431775e-06
1103	2.1301707e-06
1104	1.2762221e-06
1105	2.0738142e-06
1106	1.7653487e-06
1107	1.7961146e-06
1108	1.9920313e-06
1109	2.4572207e-06
1110	2.601258e-06
1111	2.2145119e-06
1112	1.9764346e-06
1113	1.7584322e-06
1114	1.8668061e-06
1115	2.2528219e-06
1116	1.3081077e-06
1117	2.1328343e-06
1118	1.8950198e-06
1119	1.8539299e-06
1120	1.8382073e-06
1121	1.9064585e-06
1122	1.2724043e-06
1123	1.8557049e-06
1124	1.4136376e-06
1125	1.7188444e-06
1126	1.3585537e-06
1127	1.642337e-06
1128	1.2256718e-06
1129	1.9080092e-06
1130	1.2742679e-06
1131	1.6595138e-06
1132	1.3451634e-06
1133	1.8416006e-06
1134	1.1994739e-06
1135	1.6791357e-06
1136	1.3334711e-06
1137	1.6580761e-06
1138	1.2912872e-06
1139	1.6822158e-06
1140	2.088752e-06
1141	1.8537973e-06
1142	2.2396351e-06
1143	2.2271731e-06
1144	2.1432435e-06
1145	1.7485203e-06
1146	1.3014752e-06
1147	2.2029043e-06
1148	1.4240408e-06
1149	2.1447897e-06
1150	2.0537898e-06
1151	1.5930839e-06
1152	1.3873427e-06
1153	1.8091466e-06
1154	1.9573114e-06
1155	1.9084503e-06
1156	1.4462743e-06
1157	2.0827548e-06
1158	2.0656722e-06
1159	1.9746007e-06
1160	1.3710171e-06
1161	1.532797e-06
1162	1.554694e-06
1163	2.0919537e-06
1164	1.8762288e-06
1165	1.7724572e-06
1166	1.1852818e-06
1167	1.3125827e-06
1168	1.4646817e-06
1169	1.7866131e-06
1170	1.8279679e-06
1171	2.0896003e-06
1172	1.2735196e-06
1173	1.7552717e-06
1174	1.4301704e-06
1175	1.4965719e-06
1176	1.5439605e-06
1177	2.1507115e-06
1178	1.96982e-06
1179	1.8826384e-06
1180	1.4260417e-06
1181	1.6279156e-06
1182	1.2706098e-06
1183	2.212154e-06
1184	1.9461473e-06
1185	1.7229724e-06
1186	1.3802826e-06
1187	2.0650264e-06
1188	1.1194088e-06
1189	1.2705532e-06
1190	1.471462e-06
1191	1.8671108e-06
1192	1.7791001e-06
1193	1.9693072e-06
1194	1.2066609e-06
1195	1.6104994e-06
1196	1.4301712e-06
1197	1.9092422e-06
1198	1.9866517e-06
1199	1.3994623e-06
1200	1.467824e-06
1201	2.0008485e-06
1202	1.6806602e-06
1203	1.9501279e-06
1204	1.1171389e-06
1205	1.3814653e-06
1206	1.4208984e-06
1207	1.612562e-06
1208	1.7269779e-06
1209	1.9307977e-06
1210	1.3234094e-06
1211	1.5792699e-06
1212	1.3999417e-06
1213	1.4235211e-06
1214	1.3431226e-06
1215	1.6981633e-06
1216	1.5494613e-06
1217	1.8549328e-06
1218	1.8980985e-06
1219	1.4242095e-06
1220	1.9778743e-06
1221	1.5229974e-06
1222	1.5885355e-06
1223	1.8679423e-06
1224	1.9292671e-06
1225	1.3797175e-06
1226	1.971885e-06
1227	1.4388971e-06
1228	1.5648312e-06
1229	2.0041083e-06
1230	1.2713242e-06
1231	1.6848977e-06
1232	1.4670131e-06
1233	1.4767175e-06
1234	1.7287888e-06
1235	1.8668015e-06
1236	1.5703533e-06
1237	1.6530908e-06
1238	1.407533e-06
1239	1.5547416e-06
1240	1.4961855e-06
1241	1.4429742e-06
1242	1.3530835e-06
1243	1.6750935e-06
1244	2.014113e-06
1245	1.3572546e-06
1246	1.6254026e-06
1247	1.3450446e-06
1248	1.2799612e-06
1249	1.9739029e-06
1250	1.23442e-06
1251	1.274639e-06
1252	1.6615896e-06
1253	1.4290539e-06
1254	1.2842211e-06
1255	1.4606385e-06
1256	1.3789138e-06
1257	1.6078843e-06
1258	1.8292921e-06
1259	1.9599996e-06
1260	2.0047893e-06
1261	1.3183791e-06
1262	1.2184323e-06
1263	1.9268324e-06
1264	1.362959e-06
1265	1.4312248e-06
1266	1.4809366e-06
1267	1.7581371e-06
1268	1.9471994e-06
1269	1.6636662e-06
1270	1.1607603e-06
1271	1.9222415e-06
1272	1.975636e-06
1273	1.5525844e-06
1274	1.5121442e-06
1275	1.2845301e-06
1276	1.129626e-06
1277	1.5587419e-06
1278	1.147792e-06
1279	1.793204e-06
1280	1.8049798e-06
1281	1.3017139e-06
1282	1.164681e-06
1283	1.445089e-06
1284	1.0545547e-06
1285	1.5258884e-06
1286	1.5894903e-06
1287	1.2365265e-06
1288	1.2857947e-06
1289	1.3919533e-06
1290	1.4837694e-06
1291	1.2610726e-06
1292	1.4919055e-06
1293	1.5300517e-06
1294	1.2974783e-06
1295	1.7014763e-06
1296	1.5938632e-06
1297	1.5405626e-06
1298	1.1830032e-06
1299	1.7520116e-06
1300	1.2467752e-06
1301	1.8745757e-06
1302	1.8478021e-06
1303	1.611257e-06
1304	1.1881189e-06
1305	1.4991096e-06
1306	1.0958298e-06
1307	1.8811463e-06
1308	1.5740103e-06
1309	1.4437134e-06
1310	1.1762685e-06
1311	1.5620476e-06
1312	1.1150738e-06
1313	1.9301486e-06
1314	1.7304095e-06
1315	1.6452947e-06
1316	1.2118253e-06
1317	1.6915343e-06
1318	1.1107905e-06
1319	1.68548e-06
1320	1.431825e-06
1321	1.4211258e-06
1322	1.2775094e-06
1323	1.7737055e-06
1324	1.3757175e-06
1325	1.5863336e-06
1326	1.6209817e-06
1327	1.4891366e-06
1328	1.2250193e-06
1329	1.795022e-06
1330	1.4044771e-06
1331	1.5269961e-06
1332	1.5999306e-06
1333	1.6606982e-06
1334	1.1946054e-06
1335	1.5467004e-06
1336	1.1472518e-06
1337	1.4227015e-06
1338	1.4911985e-06
1339	1.7824963e-06
1340	1.2343448e-06
1341	1.6181782e-06
1342	1.3345022e-06
1343	1.503128e-06
1344	1.5804877e-06
1345	1.6943878e-06
1346	1.2530421e-06
1347	1.6124837e-06
1348	1.2441165e-06
1349	1.3996077e-06
1350	1.5107841e-06
1351	9.4165917e-07
1352	1.2337876e-06
1353	1.5009107e-06
1354	1.0173872e-06
1355	1.3943964e-06
1356	1.489213e-06
1357	9.9312943e-07
1358	1.2247483e-06
1359	1.4377776e-06
1360	1.0230925e-06
1361	1.7296726e-06
1362	1.3508068e-06
1363	9.9812935e-07
1364	1.1823931e-06
1365	1.5977253e-06
1366	1.2018149e-06
1367	1.3907547e-06
1368	1.4772398e-06
1369	9.5902672e-07
1370	1.1640323e-06
1371	1.3439184e-06
1372	1.036345e-06
1373	1.22171e-06
1374	1.3002442e-06
1375	9.5591709e-07
1376	1.1791958e-06
1377	1.3798643e-06
1378	1.8284788e-06
1379	1.3083324e-06
1380	1.3428268e-06
1381	1.5711183e-06
1382	1.1213157e-06
1383	1.5193814e-06
1384	1.2316659e-06
1385	1.5795835e-06
1386	1.3358286e-06
1387	1.316444e-06
1388	1.3682779e-06
1389	1.679466e-06
1390	1.1997416e-06
1391	1.4402268e-06
1392	1.3222388e-06
1393	9.205049e-07
1394	1.1973126e-06
1395	1.3673812e-06
1396	1.4315684e-06
1397	1.5148766e-06
1398	1.0692355e-06
1399	1.6024393e-06
1400	1.0220829e-06
1401	1.6744486e-06
1402	1.2063699e-06
1403	1.293726e-06
1404	1.3942821e-06
1405	1.5711178e-06
1406	1.0171521e-06
1407	1.2646237e-06
1408	1.0953664e-06
1409	1.6317511e-06
1410	1.1837477e-06
1411	1.2930449e-06
1412	1.6132219e-06
1413	1.6429835e-06
1414	1.0981113e-06
1415	1.4910189e-06
1416	1.2628458e-06
1417	1.6748857e-06
1418	1.3815199e-06
1419	1.5513532e-06
1420	1.4043475e-06
1421	1.130851e-06
1422	1.1128281e-06
1423	1.6144275e-06
1424	9.6953233e-07
1425	1.3873841e-06
1426	1.3244775e-06
1427	1.4435918e-06
1428	1.1125577e-06
1429	1.5370744e-06
1430	1.2012671e-06
1431	1.1878444e-06
1432	1.2865379e-06
1433	1.4692172e-06
1434	1.2831713e-06
1435	1.0213014e-06
1436	1.0525623e-06
1437	1.3433211e-06
1438	1.2969395e-06
1439	1.1921082e-06
1440	1.318868e-06
1441	1.4961306e-06
1442	1.5759459e-06
1443	1.5635921e-06
1444	1.1723709e-06
1445	1.3128032e-06
1446	1.2002444e-06
1447	1.1828651e-06
1448	1.1910775e-06
1449	1.3648913e-06
1450	1.4512406e-06
1451	1.6095689e-06
1452	9.6503026e-07
1453	1.4003421e-06
1454	9.657588e-07
1455	1.2417388e-06
1456	1.4832035e-06
1457	1.4020116e-06
1458	9.8346062e-07
1459	1.3349248e-06
1460	9.8504824e-07
1461	1.2107321e-06
1462	1.4854424e-06
1463	1.2926652e-06
1464	1.0628027e-06
1465	1.4714995e-06
1466	1.0977604e-06
1467	1.3235328e-06
1468	1.3882698e-06
1469	1.3980133e-06
1470	1.04569e-06
1471	1.3884779e-06
1472	1.0269484e-06
1473	1.3037881e-06
1474	1.1614973e-06
1475	1.1734752e-06
1476	1.0886693e-06
1477	1.2884341e-06
1478	1.2516274e-06
1479	1.2847562e-06
1480	1.3936612e-06
1481	1.4842723e-06
1482	1.0174986e-06
1483	1.4523075e-06
1484	9.4105744e-07
1485	1.2473691e-06
1486	1.0531443e-06
1487	1.4229666e-06
1488	1.3730747e-06
1489	1.1090221e-06
1490	1.1991589e-06
1491	1.1191503e-06
1492	1.3613108e-06
1493	1.5155741e-06
1494	9.6002108e-07
1495	1.5995057e-06
1496	1.3555783e-06
1497	1.4131939e-06
1498	1.4853413e-06
1499	9.5325458e-07
1500	9.736122e-07
1501	1.2172712e-06
1502	1.2325389e-06
1503	1.3716719e-06
1504	9.4568374e-07
1505	1.4811125e-06
1506	9.3592884e-07
1507	1.1251199e-06
1508	1.3166739e-06
1509	1.2306742e-06
1510	1.2411932e-06
1511	1.2269491e-06
1512	1.185354e-06
1513	1.1165467e-06
1514	9.5261848e-07
1515	1.4481175e-06
1516	1.1949365e-06
1517	9.8599811e-07
1518	1.211785e-06
1519	1.3350298e-06
1520	9.2583417e-07
1521	1.2000456e-06
1522	1.2017859e-06
1523	1.1349233e-06
1524	9.7464404e-07
1525	1.4431607e-06
1526	1.0790395e-06
1527	1.1694975e-06
1528	1.1956365e-06
1529	1.1417557e-06
1530	1.0155454e-06
1531	1.1948034e-06
1532	9.1045341e-07
1533	1.1362234e-06
1534	1.1131066e-06
1535	1.1045201e-06
1536	1.0255871e-06
1537	1.234288e-06
1538	1.0449618e-06
1539	1.0745926e-06
1540	1.258422e-06
1541	1.0478934e-06
1542	9.3173412e-07
1543	1.3625381e-06
1544	1.1115205e-06
1545	1.3221073e-06
1546	1.0672035e-06
1547	1.2778092e-06
1548	1.2302215e-06
1549	1.1588573e-06
1550	9.5438023e-07
1551	1.4460786e-06
1552	1.1958403e-06
1553	1.2205705e-06
1554	1.074381e-06
1555	1.1993751e-06
1556	1.194828e-06
1557	1.2016158e-06
1558	9.6074762e-07
1559	1.4308637e-06
1560	9.8413186e-07
1561	1.1116983e-06
1562	1.3266128e-06
1563	1.124034e-06
1564	9.3038745e-07
1565	1.3984955e-06
1566	1.0058948e-06
1567	9.3508765e-07
1568	1.1844934e-06
1569	1.3775371e-06
1570	1.0150467e-06
1571	1.2581674e-06
1572	9.5127239e-07
1573	1.2877664e-06
1574	1.3138208e-06
1575	1.1904322e-06
1576	1.0125154e-06
1577	1.3157439e-06
1578	9.7550613e-07
1579	1.2686005e-06
1580	9.9309393e-07
1581	1.1877677e-06
1582	1.1487644e-06
1583	1.3044042e-06
1584	9.6695266e-07
1585	1.2426444e-06
1586	1.2128381e-06
1587	1.1287431e-06
