1	0.0056439273
2	0.0047877553
3	0.0021419254
4	0.0020782193
5	0.0015475332
6	0.00064749058
7	0.00050499837
8	0.00046886737
9	0.00030954811
10	0.00027260459
11	0.0002858673
12	0.00019723104
13	0.0001588615
14	0.00014219084
15	0.00013305275
16	0.00012417699
17	0.00011643687
18	0.00010765133
19	9.9923619e-05
20	9.2167581e-05
21	8.687313e-05
22	8.0771317e-05
23	7.8120895e-05
24	7.3931842e-05
25	7.2122465e-05
26	6.7422836e-05
27	6.6743737e-05
28	0.00016230337
29	6.4038186e-05
30	0.00016280876
31	6.292647e-05
32	0.00016513326
33	6.3700794e-05
34	0.00016779724
35	6.3506736e-05
36	6.4878234e-05
37	6.6635565e-05
38	6.7645828e-05
39	6.9243861e-05
40	7.0388999e-05
41	7.2662401e-05
42	7.4932484e-05
43	7.6994987e-05
44	7.5509507e-05
45	7.7470306e-05
46	7.7501533e-05
47	8.0743583e-05
48	8.3960636e-05
49	8.5127613e-05
50	8.3438734e-05
51	8.3915177e-05
52	8.1817891e-05
53	8.4089826e-05
54	8.1372801e-05
55	8.4190586e-05
56	7.8901157e-05
57	8.1808614e-05
58	8.2058395e-05
59	8.5320541e-05
60	8.3705042e-05
61	8.6898633e-05
62	8.5005205e-05
63	8.7979706e-05
64	8.5058771e-05
65	8.7451806e-05
66	8.5202025e-05
67	8.8337242e-05
68	8.0212341e-05
69	8.3648308e-05
70	8.0638364e-05
71	8.4695419e-05
72	7.9970596e-05
73	8.3116979e-05
74	7.3954643e-05
75	7.6883599e-05
76	7.4392837e-05
77	7.8075417e-05
78	6.903075e-05
79	7.0997718e-05
80	6.9766479e-05
81	7.203165e-05
82	0.00016059576
83	6.6155635e-05
84	0.00014517931
85	0.00015165218
86	0.00014607128
87	0.00015149023
88	0.00014172583
89	0.00014317652
90	0.00012711587
91	0.00013162782
92	0.00012419837
93	0.00013066489
94	0.00012308835
95	0.00012747552
96	0.00011258547
97	0.00011765598
98	0.00010301299
99	0.00010964095
100	0.00010823731
101	0.00011417072
102	0.00010060906
103	0.00010548469
104	0.0001034177
105	0.00011073293
106	9.727635e-05
107	0.00010111632
108	0.0001003592
109	0.00010612468
110	0.00010011438
111	0.0001039177
112	9.9855941e-05
113	0.00010294534
114	9.8991239e-05
115	0.00010146063
116	9.8221525e-05
117	0.00010317871
118	9.4900511e-05
119	9.6607626e-05
120	9.540174e-05
121	0.0001000651
122	9.6614827e-05
123	0.00010020529
124	9.3490413e-05
125	9.5790087e-05
126	9.5259476e-05
127	9.8497909e-05
128	9.4873331e-05
129	9.7922873e-05
130	9.3729872e-05
131	9.5031376e-05
132	9.2705338e-05
133	9.4991012e-05
134	9.2080134e-05
135	9.4531068e-05
136	9.208523e-05
137	9.2542104e-05
138	8.4707832e-05
139	8.6199175e-05
140	8.451389e-05
141	8.9951802e-05
142	9.1074493e-05
143	9.301181e-05
144	9.4719009e-05
145	0.00010005787
146	9.4993538e-05
147	9.7579842e-05
148	9.5146192e-05
149	9.7673437e-05
150	9.5419015e-05
151	9.8386977e-05
152	9.5760017e-05
153	9.9197395e-05
154	9.5829879e-05
155	9.7905288e-05
156	9.5690326e-05
157	9.8503169e-05
158	9.5602911e-05
159	9.8323146e-05
160	9.5334589e-05
161	9.7816265e-05
162	9.435502e-05
163	9.7605208e-05
164	9.442656e-05
165	9.6481184e-05
166	9.4038577e-05
167	9.7125069e-05
168	9.3681524e-05
169	9.5655158e-05
170	9.2957723e-05
171	9.5259384e-05
172	9.3464615e-05
173	9.5771691e-05
174	9.5360121e-05
175	8.8643848e-05
176	9.123943e-05
177	9.3740896e-05
178	9.0813677e-05
179	9.3810658e-05
180	9.6162501e-05
181	9.7922524e-05
182	9.4031063e-05
183	9.6855486e-05
184	9.2641912e-05
185	9.5982803e-05
186	9.842908e-05
187	9.7743142e-05
188	9.2523427e-05
189	9.7950051e-05
190	9.5993762e-05
191	9.7603647e-05
192	9.3279922e-05
193	9.8039689e-05
194	0.00010062321
195	0.00010086386
196	9.9375493e-05
197	0.00010267212
198	9.7278324e-05
199	0.00010004252
200	9.8278484e-05
201	9.0695633e-05
202	8.3153257e-05
203	9.6519273e-05
204	9.4500751e-05
205	9.7240977e-05
206	9.7075855e-05
207	9.9897508e-05
208	9.7281612e-05
209	9.9347914e-05
210	9.6647743e-05
211	9.8863454e-05
212	9.569638e-05
213	9.9398206e-05
214	9.2534549e-05
215	9.6756002e-05
216	9.9562311e-05
217	0.0001015355
218	9.3488056e-05
219	9.9287325e-05
220	9.1152916e-05
221	9.5523675e-05
222	9.4245848e-05
223	0.0002467983
224	9.3530734e-05
225	0.00010937109
226	8.0612856e-05
227	8.3187586e-05
228	9.2313418e-05
229	0.00010001631
230	8.9477251e-05
231	9.2380184e-05
232	9.5261846e-05
233	9.722361e-05
234	8.9618933e-05
235	9.4269387e-05
236	9.2665545e-05
237	9.0247984e-05
238	9.2999074e-05
239	9.4423525e-05
240	8.7374962e-05
241	9.0750306e-05
242	8.6127521e-05
243	8.7092482e-05
244	8.6109587e-05
245	8.7264637e-05
246	8.5628706e-05
247	8.7120265e-05
248	8.5232466e-05
249	8.7574423e-05
250	8.5058987e-05
251	8.7297814e-05
252	8.5349611e-05
253	8.7342981e-05
254	8.527662e-05
255	8.7643333e-05
256	8.2695699e-05
257	8.7239263e-05
258	8.9689994e-05
259	9.1143074e-05
260	8.4260465e-05
261	8.8922134e-05
262	8.1951195e-05
263	8.6189626e-05
264	8.8928287e-05
265	8.9312725e-05
266	8.3914863e-05
267	8.7149253e-05
268	8.393864e-05
269	8.4406964e-05
270	8.484925e-05
271	8.4359195e-05
272	8.490809e-05
273	8.4750587e-05
274	8.4883697e-05
275	8.4614864e-05
276	8.4948235e-05
277	8.456245e-05
278	8.4883871e-05
279	8.4448846e-05
280	8.4765625e-05
281	8.4371755e-05
282	8.4848059e-05
283	8.5365785e-05
284	8.5058914e-05
285	8.546839e-05
286	8.4937147e-05
287	8.5668624e-05
288	8.4803253e-05
289	8.5236681e-05
290	8.4692898e-05
291	8.5615348e-05
292	8.4570377e-05
293	8.6304933e-05
294	8.4697847e-05
295	8.6338102e-05
296	8.5047508e-05
297	8.6958843e-05
298	8.5358139e-05
299	8.7161371e-05
300	8.5405975e-05
301	8.7052292e-05
302	8.5231092e-05
303	8.7193786e-05
304	8.4996808e-05
305	8.6471574e-05
306	8.473995e-05
307	8.6761014e-05
308	8.4241454e-05
309	8.6368722e-05
310	8.3871198e-05
311	8.640726e-05
312	8.3698148e-05
313	8.5372908e-05
314	8.3160454e-05
315	8.5310575e-05
316	8.2392511e-05
317	8.4410133e-05
318	8.1727842e-05
319	8.3938168e-05
320	8.1194793e-05
321	8.3616466e-05
322	8.2205921e-05
323	8.2582784e-05
324	8.1183845e-05
325	8.3359567e-05
326	8.0522539e-05
327	8.2523761e-05
328	8.0197058e-05
329	8.1831018e-05
330	7.9908454e-05
331	8.1907412e-05
332	7.9704126e-05
333	8.1341715e-05
334	7.9504477e-05
335	8.0973397e-05
336	7.9257433e-05
337	8.1122769e-05
338	7.9298356e-05
339	8.1276705e-05
340	8.3806829e-05
341	8.1305035e-05
342	7.9420989e-05
343	8.2961483e-05
344	8.5009367e-05
345	8.7062123e-05
346	8.0139516e-05
347	8.2576734e-05
348	8.064555e-05
349	8.0609152e-05
350	7.9795992e-05
351	8.2557539e-05
352	8.5145823e-05
353	8.5237403e-05
354	8.5470316e-05
355	8.7559361e-05
356	8.2396023e-05
357	8.28618e-05
358	8.6991856e-05
359	8.2787166e-05
360	8.3262818e-05
361	8.3559708e-05
362	8.317675e-05
363	8.2674981e-05
364	8.3049364e-05
365	8.2363367e-05
366	8.267168e-05
367	8.2183153e-05
368	8.2232477e-05
369	8.2417198e-05
370	8.1986148e-05
371	8.2238067e-05
372	7.9916795e-05
373	8.2614939e-05
374	8.563572e-05
375	8.6523084e-05
376	8.1126714e-05
377	8.3823887e-05
378	7.993047e-05
379	8.2085526e-05
380	8.4919636e-05
381	8.4932479e-05
382	8.3129758e-05
383	8.5873141e-05
384	8.1247675e-05
385	8.1446138e-05
386	8.0106402e-05
387	8.1224326e-05
388	8.445028e-05
389	8.5948535e-05
390	8.0883285e-05
391	8.295333e-05
392	7.9751663e-05
393	8.1330872e-05
394	8.5220687e-05
395	8.6657691e-05
396	8.471652e-05
397	8.3169036e-05
398	8.1466563e-05
399	8.3428648e-05
400	8.731925e-05
401	8.7790655e-05
402	8.7685651e-05
403	8.9262267e-05
404	8.6059698e-05
405	8.4654818e-05
406	8.466884e-05
407	8.5879661e-05
408	9.0498988e-05
409	9.0758582e-05
410	8.8365738e-05
411	8.9212226e-05
412	8.6460429e-05
413	8.8187117e-05
414	9.364356e-05
415	9.3201527e-05
416	9.1505449e-05
417	9.0221273e-05
418	9.0240179e-05
419	8.7173355e-05
420	8.9679393e-05
421	8.7278766e-05
422	8.9059269e-05
423	8.7454674e-05
424	8.6621202e-05
425	9.0080291e-05
426	9.501777e-05
427	9.5880453e-05
428	9.5628888e-05
429	9.4898897e-05
430	9.1264692e-05
431	8.8844755e-05
432	8.802287e-05
433	9.015326e-05
434	9.5817816e-05
435	9.5778799e-05
436	9.2200336e-05
437	9.1011736e-05
438	8.9659337e-05
439	8.7619815e-05
440	8.687778e-05
441	9.0084936e-05
442	9.6296936e-05
443	9.6542292e-05
444	9.1943902e-05
445	9.0856599e-05
446	8.6498996e-05
447	8.8258957e-05
448	9.4165736e-05
449	9.382139e-05
450	8.9514885e-05
451	8.8119468e-05
452	8.4715671e-05
453	8.6590578e-05
454	9.2640797e-05
455	9.284351e-05
456	8.7933802e-05
457	8.6341086e-05
458	8.3902239e-05
459	8.5997345e-05
460	9.217266e-05
461	9.1758414e-05
462	8.7146027e-05
463	8.550804e-05
464	8.2945569e-05
465	8.5067768e-05
466	9.0245116e-05
467	9.000364e-05
468	8.4940338e-05
469	8.3671343e-05
470	8.1255191e-05
471	8.342021e-05
472	8.8008781e-05
473	9.1124357e-05
474	8.5859451e-05
475	8.7389461e-05
476	8.1194581e-05
477	8.3077295e-05
478	8.7030631e-05
479	8.7467411e-05
480	8.3676126e-05
481	8.3369845e-05
482	7.9349965e-05
483	8.0700144e-05
484	8.4416606e-05
485	8.4948093e-05
486	8.2438662e-05
487	8.3277436e-05
488	7.872785e-05
489	8.0369411e-05
490	8.3813477e-05
491	8.4733314e-05
492	8.2660779e-05
493	8.3415494e-05
494	7.746398e-05
495	7.8971044e-05
496	8.1772159e-05
497	8.2318824e-05
498	7.8541122e-05
499	7.7945023e-05
500	7.4839656e-05
501	7.682743e-05
502	7.9054988e-05
503	7.938282e-05
504	7.7384999e-05
505	7.8210503e-05
506	7.5700023e-05
507	7.6119281e-05
508	7.7828642e-05
509	7.9019303e-05
510	7.5799921e-05
511	7.5871044e-05
512	7.4732768e-05
513	7.5514536e-05
514	7.718846e-05
515	7.8439336e-05
516	7.6563067e-05
517	7.8093652e-05
518	7.5508123e-05
519	7.5227565e-05
520	2.8464213e-05
521	7.8855606e-05
522	7.5284777e-05
523	7.6081816e-05
524	7.3345638e-05
525	7.3503469e-05
526	2.7829772e-05
527	7.7018478e-05
528	2.7245689e-05
529	7.519742e-05
530	7.1600496e-05
531	7.1183638e-05
532	2.7285175e-05
533	7.5221153e-05
534	7.119265e-05
535	7.2069525e-05
536	6.8962072e-05
537	6.9691663e-05
538	2.7087567e-05
539	7.43679e-05
540	6.9750014e-05
541	7.0306254e-05
542	6.7661722e-05
543	2.6282744e-05
544	2.7575241e-05
545	2.8337983e-05
546	2.7406515e-05
547	2.7871948e-05
548	6.8772402e-05
549	2.6368158e-05
550	2.7954499e-05
551	2.8787564e-05
552	2.7313604e-05
553	2.7837538e-05
554	6.8134412e-05
555	2.6820601e-05
556	2.8593761e-05
557	2.9285683e-05
558	2.7321937e-05
559	2.8036879e-05
560	6.7967116e-05
561	2.7454873e-05
562	2.9313584e-05
563	2.9773513e-05
564	2.8453312e-05
565	2.9708014e-05
566	6.8704146e-05
567	2.7254964e-05
568	2.9678004e-05
569	3.0333797e-05
570	2.7909676e-05
571	2.9890385e-05
572	6.8384354e-05
573	2.7796395e-05
574	3.0440567e-05
575	3.1135622e-05
576	2.8535668e-05
577	3.1505875e-05
578	6.8846486e-05
579	2.7586704e-05
580	3.0671959e-05
581	3.1994473e-05
582	2.8676912e-05
583	3.2314211e-05
584	6.9033872e-05
585	2.7855543e-05
586	3.1229282e-05
587	3.2746554e-05
588	2.9223019e-05
589	3.3230036e-05
590	6.9564748e-05
591	2.775496e-05
592	3.1263563e-05
593	3.27548e-05
594	3.0566946e-05
595	3.4171472e-05
596	6.909548e-05
597	2.7103783e-05
598	3.0677297e-05
599	3.2227593e-05
600	2.9177154e-05
601	3.2827504e-05
602	6.8107544e-05
603	2.686459e-05
604	2.9489951e-05
605	3.1180425e-05
606	2.8152823e-05
607	3.1973972e-05
608	6.8217112e-05
609	2.6421792e-05
610	2.8372383e-05
611	2.9528883e-05
612	2.6538289e-05
613	3.0364851e-05
614	6.7080687e-05
615	2.5873731e-05
616	2.722263e-05
617	2.8200007e-05
618	2.6869999e-05
619	3.0020459e-05
620	6.7560541e-05
621	2.4874177e-05
622	2.6327175e-05
623	2.7131455e-05
624	2.5881203e-05
625	2.9113017e-05
626	6.886949e-05
627	2.5552654e-05
628	2.6458357e-05
629	2.7134699e-05
630	2.5962682e-05
631	2.8380703e-05
632	6.9625478e-05
633	2.5898477e-05
634	2.6801263e-05
635	2.7425931e-05
636	2.6516652e-05
637	2.8442076e-05
638	7.1550241e-05
639	2.5914574e-05
640	2.6594121e-05
641	2.6894677e-05
642	2.4806811e-05
643	2.694815e-05
644	7.0548202e-05
645	2.6417694e-05
646	2.6389871e-05
647	2.6520008e-05
648	2.4717425e-05
649	2.6765413e-05
650	7.0122668e-05
651	2.5832022e-05
652	2.5658727e-05
653	2.6317753e-05
654	2.4809855e-05
655	2.6437885e-05
656	2.6412071e-05
657	2.5279221e-05
658	2.5640676e-05
659	2.6406533e-05
660	2.5226163e-05
661	2.7015148e-05
662	2.6925111e-05
663	2.5172499e-05
664	2.536288e-05
665	2.6410585e-05
666	2.5068061e-05
667	2.7281649e-05
668	2.7438686e-05
669	2.5425779e-05
670	2.5432204e-05
671	2.6658461e-05
672	2.5401085e-05
673	2.7966284e-05
674	2.8097111e-05
675	2.5732715e-05
676	2.539997e-05
677	2.6978226e-05
678	2.5723536e-05
679	2.8316255e-05
680	2.8259668e-05
681	2.5948076e-05
682	2.5669852e-05
683	2.7306975e-05
684	2.6035422e-05
685	2.86066e-05
686	2.8242934e-05
687	2.6129591e-05
688	2.586191e-05
689	2.7444271e-05
690	2.6048886e-05
691	2.856707e-05
692	2.8256706e-05
693	2.6533505e-05
694	2.6128085e-05
695	2.7278993e-05
696	2.5838869e-05
697	2.8939275e-05
698	7.3633486e-05
699	2.8030412e-05
700	2.6950259e-05
701	2.6992559e-05
702	2.5368746e-05
703	2.7640661e-05
704	2.6965445e-05
705	2.6251141e-05
706	2.6293104e-05
707	2.6653441e-05
708	2.5626194e-05
709	2.7396038e-05
710	2.7664171e-05
711	2.6859926e-05
712	2.6747426e-05
713	2.6413497e-05
714	2.5650005e-05
715	2.6879869e-05
716	2.7221922e-05
717	2.6727319e-05
718	2.6833109e-05
719	2.6260422e-05
720	2.5991395e-05
721	2.6970848e-05
722	2.7823957e-05
723	2.714371e-05
724	2.710033e-05
725	2.6164245e-05
726	2.6053858e-05
727	2.6904713e-05
728	2.8464259e-05
729	2.7532935e-05
730	2.7127694e-05
731	2.6024132e-05
732	2.6175879e-05
733	2.6958885e-05
734	2.904136e-05
735	2.7783764e-05
736	2.7179663e-05
737	2.6122958e-05
738	2.653459e-05
739	2.7188593e-05
740	2.9930499e-05
741	2.8186475e-05
742	2.7367511e-05
743	2.6537403e-05
744	2.6628396e-05
745	2.6952415e-05
746	2.9906387e-05
747	2.8303974e-05
748	2.7567836e-05
749	2.6887704e-05
750	2.7163306e-05
751	2.7484444e-05
752	3.059267e-05
753	2.8407578e-05
754	2.7344778e-05
755	2.7283889e-05
756	2.7061235e-05
757	2.7142789e-05
758	3.0261029e-05
759	2.8187099e-05
760	2.7159995e-05
761	2.7064654e-05
762	2.7128382e-05
763	2.7259343e-05
764	3.0316301e-05
765	2.7798861e-05
766	2.6539433e-05
767	2.6638776e-05
768	2.6326568e-05
769	2.6558039e-05
770	2.9502043e-05
771	2.7174265e-05
772	2.5876873e-05
773	2.5978977e-05
774	2.5476309e-05
775	2.586685e-05
776	2.9172501e-05
777	2.6834776e-05
778	2.5202993e-05
779	2.5115061e-05
780	2.44362e-05
781	2.4680606e-05
782	2.8065105e-05
783	2.5821528e-05
784	2.432399e-05
785	2.4204145e-05
786	2.3701038e-05
787	2.3888526e-05
788	2.7059211e-05
789	2.5264556e-05
790	2.3698042e-05
791	2.3336823e-05
792	2.243234e-05
793	2.2461761e-05
794	2.5613129e-05
795	2.4449073e-05
796	2.2953237e-05
797	2.2492916e-05
798	2.1785978e-05
799	2.2605511e-05
800	2.5351038e-05
801	2.3718254e-05
802	2.2150732e-05
803	2.1876826e-05
804	2.1343413e-05
805	2.2190676e-05
806	2.4803864e-05
807	2.325605e-05
808	2.1875938e-05
809	2.2031617e-05
810	2.1377582e-05
811	2.1954641e-05
812	2.4124244e-05
813	2.2678016e-05
814	2.1769882e-05
815	2.2214336e-05
816	2.1788224e-05
817	2.2340415e-05
818	2.411392e-05
819	2.2272775e-05
820	2.1960322e-05
821	2.3059676e-05
822	2.3224487e-05
823	2.2911591e-05
824	2.6431572e-05
825	2.2915746e-05
826	2.2159541e-05
827	2.2955319e-05
828	2.3008256e-05
829	2.3970669e-05
830	2.6633723e-05
831	2.4394657e-05
832	2.3303681e-05
833	2.3800677e-05
834	2.3330447e-05
835	2.4510712e-05
836	2.7266186e-05
837	2.5320475e-05
838	2.4193868e-05
839	2.506148e-05
840	2.4230138e-05
841	2.5721208e-05
842	2.8529884e-05
843	2.6462044e-05
844	2.5325751e-05
845	2.5675058e-05
846	2.5412388e-05
847	2.7397812e-05
848	2.9496523e-05
849	2.7200931e-05
850	2.6142566e-05
851	2.684078e-05
852	2.5620115e-05
853	2.6780992e-05
854	2.9683825e-05
855	2.7675522e-05
856	3.0902863e-05
857	2.6883767e-05
858	2.6385318e-05
859	2.719012e-05
860	2.5473598e-05
861	2.7187601e-05
862	2.9025368e-05
863	2.6903678e-05
864	2.559662e-05
865	2.5459818e-05
866	2.4643741e-05
867	2.6699769e-05
868	2.904095e-05
869	2.6662374e-05
870	2.4581189e-05
871	2.4770536e-05
872	2.2952215e-05
873	2.3175925e-05
874	2.6250399e-05
875	2.3646121e-05
876	2.7524146e-05
877	2.4191958e-05
878	2.3284904e-05
879	2.347164e-05
880	2.1853812e-05
881	2.3590965e-05
882	2.653011e-05
883	2.4308028e-05
884	2.274765e-05
885	2.2920459e-05
886	2.1535809e-05
887	2.2784828e-05
888	2.5446266e-05
889	2.3725747e-05
890	2.2753321e-05
891	2.2849355e-05
892	2.1542376e-05
893	2.1901637e-05
894	2.4549109e-05
895	2.3171534e-05
896	2.2948314e-05
897	2.3009585e-05
898	2.225902e-05
899	2.3871176e-05
900	2.6588179e-05
901	2.434951e-05
902	2.3224394e-05
903	2.3221189e-05
904	2.2072047e-05
905	2.2910057e-05
906	2.5271049e-05
907	2.336753e-05
908	2.2762137e-05
909	2.2651252e-05
910	2.1821514e-05
911	2.1878992e-05
912	2.4258418e-05
913	2.2477405e-05
914	2.2052457e-05
915	2.2067972e-05
916	2.1027142e-05
917	2.0408093e-05
918	2.358637e-05
919	2.1810387e-05
920	2.1543048e-05
921	2.140725e-05
922	2.0831341e-05
923	2.0655346e-05
924	2.5202294e-05
925	2.2379197e-05
926	2.1147715e-05
927	2.0744138e-05
928	2.0074099e-05
929	1.9777733e-05
930	2.3862902e-05
931	1.9311916e-05
932	2.4036046e-05
933	1.8737311e-05
934	2.2455646e-05
935	1.8752324e-05
936	2.186452e-05
937	1.9691562e-05
938	1.9933316e-05
939	1.9676624e-05
940	1.8768251e-05
941	1.8737696e-05
942	2.2925289e-05
943	2.0013162e-05
944	1.897521e-05
945	1.8355589e-05
946	1.7336003e-05
947	1.6640447e-05
948	2.0770275e-05
949	1.845986e-05
950	1.7845628e-05
951	1.7301172e-05
952	1.7105635e-05
953	1.6312028e-05
954	2.0648196e-05
955	1.8045283e-05
956	1.7200783e-05
957	1.662272e-05
958	1.6722795e-05
959	1.6021016e-05
960	2.1209915e-05
961	1.8496479e-05
962	1.715359e-05
963	1.6360048e-05
964	1.6606038e-05
965	1.630357e-05
966	2.1964599e-05
967	1.9091408e-05
968	1.6856714e-05
969	1.5991945e-05
970	1.5837579e-05
971	1.5925366e-05
972	2.1231982e-05
973	1.8681326e-05
974	1.6432404e-05
975	1.5671982e-05
976	1.5445141e-05
977	1.5804922e-05
978	2.1389828e-05
979	1.8902878e-05
980	1.6242065e-05
981	1.5337436e-05
982	1.4939679e-05
983	1.5689589e-05
984	2.1531374e-05
985	1.91313e-05
986	1.6009391e-05
987	1.4923388e-05
988	1.4495065e-05
989	1.4941566e-05
990	2.0883126e-05
991	1.8374416e-05
992	1.5655448e-05
993	1.4819081e-05
994	1.4132487e-05
995	1.3571813e-05
996	1.9367089e-05
997	1.4880772e-05
998	2.1585945e-05
999	1.760013e-05
1000	1.5512652e-05
1001	1.4927004e-05
1002	1.3834108e-05
1003	1.4041812e-05
1004	1.9658636e-05
1005	1.7761674e-05
1006	1.5768142e-05
1007	1.4773486e-05
1008	1.3955794e-05
1009	1.4384792e-05
1010	1.9981204e-05
1011	1.8249699e-05
1012	1.593843e-05
1013	1.4841051e-05
1014	1.4272224e-05
1015	1.5623859e-05
1016	1.993411e-05
1017	1.8432317e-05
1018	1.615083e-05
1019	1.5218664e-05
1020	1.4450006e-05
1021	1.5679934e-05
1022	1.9975498e-05
1023	1.8909904e-05
1024	1.6558279e-05
1025	1.5235468e-05
1026	1.476463e-05
1027	1.6530483e-05
1028	1.8999384e-05
1029	1.8494948e-05
1030	1.6298797e-05
1031	1.4912748e-05
1032	1.4477709e-05
1033	1.6475656e-05
1034	1.8636043e-05
1035	1.8370727e-05
1036	1.6174468e-05
1037	1.4715006e-05
1038	1.4103371e-05
1039	1.5847811e-05
1040	1.9000705e-05
1041	1.4940818e-05
1042	2.019335e-05
1043	1.766322e-05
1044	1.5698646e-05
1045	1.49266e-05
1046	1.4014179e-05
1047	1.5888393e-05
1048	1.7728623e-05
1049	1.7064891e-05
1050	1.5205414e-05
1051	1.4031839e-05
1052	1.3186189e-05
1053	1.45664e-05
1054	1.7299874e-05
1055	1.3462613e-05
1056	1.7579001e-05
1057	1.3091793e-05
1058	1.6393217e-05
1059	1.2965973e-05
1060	1.6047552e-05
1061	1.2819429e-05
1062	1.5712528e-05
1063	1.2805529e-05
1064	1.5060282e-05
1065	1.283103e-05
1066	1.5251394e-05
1067	1.2691799e-05
1068	1.5296847e-05
1069	1.2667567e-05
1070	1.5409726e-05
1071	1.2819876e-05
1072	1.5277907e-05
1073	1.476558e-05
1074	1.4065694e-05
1075	1.3742058e-05
1076	1.2426262e-05
1077	1.2854293e-05
1078	1.5116059e-05
1079	1.4455422e-05
1080	1.3362902e-05
1081	1.2877722e-05
1082	1.3581304e-05
1083	1.2596467e-05
1084	1.674123e-05
1085	1.4394027e-05
1086	1.2875922e-05
1087	1.2624246e-05
1088	1.2150006e-05
1089	1.325725e-05
1090	1.5516995e-05
1091	1.3852247e-05
1092	1.2692434e-05
1093	1.1966221e-05
1094	1.1965523e-05
1095	1.3736193e-05
1096	1.5751939e-05
1097	1.1577403e-05
1098	1.6602323e-05
1099	1.3692699e-05
1100	1.2658686e-05
1101	1.264524e-05
1102	1.2508901e-05
1103	1.1474862e-05
1104	1.4539614e-05
1105	1.2721693e-05
1106	1.2089248e-05
1107	1.1629462e-05
1108	1.155728e-05
1109	1.3544207e-05
1110	3.8638219e-05
1111	1.3564264e-05
1112	1.1924127e-05
1113	1.1177211e-05
1114	1.0924326e-05
1115	1.2528133e-05
1116	1.5249665e-05
1117	1.2945794e-05
1118	1.1435924e-05
1119	1.0957787e-05
1120	1.0530807e-05
1121	1.0350812e-05
1122	1.3561264e-05
1123	1.033332e-05
1124	1.4563533e-05
1125	9.912663e-06
1126	1.2830017e-05
1127	9.6182685e-06
1128	1.1657347e-05
1129	1.0019879e-05
1130	1.2999683e-05
1131	9.2391122e-06
1132	1.1184922e-05
1133	9.7600165e-06
1134	1.2210182e-05
1135	9.1606337e-06
1136	1.2161206e-05
1137	9.1000908e-06
1138	1.177202e-05
1139	9.0489558e-06
1140	1.1429661e-05
1141	1.0447685e-05
1142	1.0612723e-05
1143	1.2309619e-05
1144	3.0842467e-05
1145	9.1171213e-06
1146	1.3829502e-05
1147	1.105566e-05
1148	1.0592919e-05
1149	1.1787985e-05
1150	1.1290875e-05
1151	8.5750731e-06
1152	1.1583748e-05
1153	9.1908559e-06
1154	3.0859406e-05
1155	1.0399435e-05
1156	1.060638e-05
1157	1.1370643e-05
1158	1.1263638e-05
1159	9.776228e-06
1160	1.4746906e-05
1161	1.1772235e-05
1162	1.0977313e-05
1163	1.1480225e-05
1164	1.0559586e-05
1165	9.2066753e-06
1166	1.3009338e-05
1167	1.0899141e-05
1168	1.0566741e-05
1169	1.08874e-05
1170	1.0238375e-05
1171	1.1220193e-05
1172	1.4114753e-05
1173	9.4977215e-06
1174	1.5848653e-05
1175	1.2086088e-05
1176	1.1268448e-05
1177	1.144752e-05
1178	1.1201937e-05
1179	1.0736785e-05
1180	1.6247377e-05
1181	1.2692936e-05
1182	1.1901505e-05
1183	1.186403e-05
1184	1.1085392e-05
1185	9.9894548e-06
1186	1.1428041e-05
1187	1.0644204e-05
1188	1.2469116e-05
1189	1.113104e-05
1190	1.101994e-05
1191	1.1164397e-05
1192	9.8596627e-06
1193	1.0076062e-05
1194	1.1354604e-05
1195	8.9760458e-06
1196	1.1461299e-05
1197	9.4136144e-06
1198	3.1029622e-05
1199	1.0505283e-05
1200	1.0399514e-05
1201	1.1101174e-05
1202	9.0725146e-06
1203	9.3613209e-06
1204	1.1710212e-05
1205	1.0615964e-05
1206	9.9986042e-06
1207	9.9925498e-06
1208	9.1045366e-06
1209	1.0824152e-05
1210	1.3077085e-05
1211	8.8774393e-06
1212	1.2849935e-05
1213	1.0726497e-05
1214	9.7391472e-06
1215	1.015148e-05
1216	8.4585915e-06
1217	1.0201401e-05
1218	3.0613664e-05
1219	1.071487e-05
1220	9.5589725e-06
1221	9.483881e-06
1222	8.4698021e-06
1223	1.0294069e-05
1224	3.0005367e-05
1225	1.0428051e-05
1226	9.5442543e-06
1227	9.1024542e-06
1228	8.3942212e-06
1229	1.0891943e-05
1230	3.3248181e-05
1231	9.0619807e-06
1232	3.6034815e-05
1233	1.0810808e-05
1234	9.7770084e-06
1235	1.0300532e-05
1236	9.1967004e-06
1237	8.6066307e-06
1238	1.1897587e-05
1239	8.8280385e-06
1240	1.2433125e-05
1241	8.3550636e-06
1242	1.1003191e-05
1243	8.7625179e-06
1244	1.1493036e-05
1245	9.9059178e-06
1246	9.614573e-06
1247	2.4934285e-05
1248	7.759395e-06
1249	1.0364824e-05
1250	1.1390601e-05
1251	7.3295353e-06
1252	1.1103306e-05
1253	7.4435702e-06
1254	1.0091808e-05
1255	7.2783209e-06
1256	1.0833887e-05
1257	7.8126568e-06
1258	2.8363644e-05
1259	9.7097658e-06
1260	2.1338374e-05
1261	2.4926218e-05
1262	7.6516001e-06
1263	1.0340807e-05
1264	1.2314264e-05
1265	8.5864175e-06
1266	3.8065328e-05
1267	1.1533766e-05
1268	9.283177e-06
1269	1.0121087e-05
1270	7.4247768e-06
1271	1.0330958e-05
1272	2.8253092e-05
1273	1.0063563e-05
1274	8.3398819e-06
1275	8.5609097e-06
1276	7.0882585e-06
1277	1.0716887e-05
1278	3.0682005e-05
1279	1.1251096e-05
1280	8.6879787e-06
1281	8.6887754e-06
1282	7.4495928e-06
1283	1.0175599e-05
1284	2.7591955e-05
1285	1.0448059e-05
1286	8.776578e-06
1287	8.7471343e-06
1288	7.7853715e-06
1289	1.0146759e-05
1290	1.3189545e-05
1291	9.0778895e-06
1292	3.5596755e-05
1293	1.3199399e-05
1294	9.4672934e-06
1295	1.0638248e-05
1296	8.515312e-06
1297	7.2770562e-06
1298	1.1176712e-05
1299	8.3324312e-06
1300	3.2471433e-05
1301	1.1520126e-05
1302	8.9928615e-06
1303	1.0020686e-05
1304	7.7478262e-06
1305	1.0348516e-05
1306	2.9160671e-05
1307	1.1528928e-05
1308	8.5467525e-06
1309	9.3362877e-06
1310	7.570279e-06
1311	1.0442907e-05
1312	3.0361089e-05
1313	1.171577e-05
1314	8.6293237e-06
1315	9.5758784e-06
1316	7.5133363e-06
1317	9.1765526e-06
1318	1.1388254e-05
1319	1.0633856e-05
1320	8.3441726e-06
1321	9.1976561e-06
1322	7.7881053e-06
1323	1.2111856e-05
1324	3.3978666e-05
1325	1.3109927e-05
1326	9.7594292e-06
1327	9.5419347e-06
1328	7.9033962e-06
1329	1.2302913e-05
1330	3.4508876e-05
1331	1.1934744e-05
1332	9.6681526e-06
1333	9.6764817e-06
1334	7.6168341e-06
1335	1.0202752e-05
1336	3.140401e-05
1337	1.0929076e-05
1338	9.5607724e-06
1339	9.9148038e-06
1340	7.6918169e-06
1341	1.1435519e-05
1342	3.2928192e-05
1343	1.2311171e-05
1344	9.9860837e-06
1345	1.029502e-05
1346	8.0093924e-06
1347	1.0650536e-05
1348	3.050183e-05
1349	1.0381142e-05
1350	9.5902559e-06
1351	1.0417301e-05
1352	7.6700297e-06
1353	9.7897181e-06
1354	2.9081728e-05
1355	1.021892e-05
1356	9.554792e-06
1357	1.0193228e-05
1358	7.7661978e-06
1359	9.8665187e-06
1360	2.8644456e-05
1361	1.03817e-05
1362	9.062677e-06
1363	9.9900961e-06
1364	7.4768287e-06
1365	1.1382503e-05
1366	3.0456061e-05
1367	1.0315696e-05
1368	9.265993e-06
1369	1.0309857e-05
1370	7.3390811e-06
1371	9.1121738e-06
1372	1.085644e-05
1373	8.9885389e-06
1374	8.734292e-06
1375	1.0033836e-05
1376	7.1560217e-06
1377	9.252371e-06
1378	2.691842e-05
1379	9.2491266e-06
1380	8.7048221e-06
1381	9.5292908e-06
1382	7.2301975e-06
1383	1.0119318e-05
1384	2.846231e-05
1385	7.3189375e-06
1386	2.9756057e-05
1387	9.0598218e-06
1388	9.3932153e-06
1389	1.0315478e-05
1390	7.7707947e-06
1391	9.9749734e-06
1392	1.1203977e-05
1393	8.0144714e-06
1394	3.1468038e-05
1395	9.5921432e-06
1396	9.5389171e-06
1397	1.0742309e-05
1398	6.9265658e-06
1399	8.6986171e-06
1400	1.0016373e-05
1401	7.6886387e-06
1402	3.2035997e-05
1403	9.1817847e-06
1404	9.0428036e-06
1405	1.0531299e-05
1406	6.5259757e-06
1407	8.5908728e-06
1408	1.0640749e-05
1409	7.5874218e-06
1410	3.255663e-05
1411	9.3746286e-06
1412	8.4549676e-06
1413	9.9664291e-06
1414	7.3268974e-06
1415	1.0117486e-05
1416	1.1663028e-05
1417	9.3719247e-06
1418	3.7817966e-05
1419	1.0929557e-05
1420	9.0144957e-06
1421	1.0598504e-05
1422	7.3352655e-06
1423	1.063094e-05
1424	2.7133579e-05
1425	9.3929416e-06
1426	8.1704874e-06
1427	9.2008513e-06
1428	7.4261211e-06
1429	1.032946e-05
1430	2.8441493e-05
1431	7.7108717e-06
1432	3.1921845e-05
1433	1.0638701e-05
1434	8.7917571e-06
1435	9.8502284e-06
1436	6.917166e-06
1437	9.4846502e-06
1438	1.0831738e-05
1439	7.750093e-06
1440	3.1592934e-05
1441	1.1393256e-05
1442	9.831344e-06
1443	9.7805686e-06
1444	7.7251104e-06
1445	9.6356382e-06
1446	1.0522887e-05
1447	7.7015092e-06
1448	2.9666075e-05
1449	1.0389366e-05
1450	8.9176964e-06
1451	8.8971677e-06
1452	6.1477971e-06
1453	8.9830446e-06
1454	2.4977696e-05
1455	9.8238499e-06
1456	7.3627186e-06
1457	7.7864998e-06
1458	6.0949214e-06
1459	8.6464912e-06
1460	2.4083127e-05
1461	9.7678859e-06
1462	7.3447782e-06
1463	7.471694e-06
1464	6.3854316e-06
1465	9.5461627e-06
1466	2.7708524e-05
1467	1.0872099e-05
1468	8.4183109e-06
1469	7.6796863e-06
1470	6.2806729e-06
1471	8.9238564e-06
1472	2.5392757e-05
1473	1.0764589e-05
1474	7.7677687e-06
1475	7.4648007e-06
1476	6.5166306e-06
1477	8.4929171e-06
1478	1.1212855e-05
1479	6.1330971e-06
1480	1.1675081e-05
1481	6.7073354e-06
1482	2.3059383e-05
1483	8.8138492e-06
1484	7.3145828e-06
1485	7.651089e-06
1486	6.3700273e-06
1487	8.8600855e-06
1488	2.6669489e-05
1489	6.3473275e-06
1490	1.1441544e-05
1491	8.0804769e-06
1492	6.9682989e-06
1493	1.9102012e-05
1494	5.7402307e-06
1495	1.0058215e-05
1496	3.0380531e-05
1497	1.0193472e-05
1498	7.1304056e-06
1499	1.8256836e-05
1500	6.0224595e-06
1501	1.0534845e-05
1502	2.8535558e-05
1503	9.964853e-06
1504	7.0034537e-06
1505	1.7814612e-05
1506	1.3749458e-05
1507	7.2325536e-06
1508	1.0758239e-05
1509	7.3462341e-06
1510	2.971447e-05
1511	8.6344851e-06
1512	7.2994039e-06
1513	1.87586e-05
1514	5.8807421e-06
1515	9.248905e-06
1516	1.1355273e-05
1517	5.2439828e-06
1518	1.0294852e-05
1519	7.1378466e-06
1520	2.5272921e-05
1521	7.9059732e-06
1522	1.6323076e-05
1523	1.9740607e-05
1524	6.0137698e-06
1525	9.2014477e-06
1526	2.2612409e-05
1527	7.9400884e-06
1528	7.2201209e-06
1529	1.8021129e-05
1530	5.825451e-06
1531	7.9033678e-06
1532	2.1754882e-05
1533	7.9782999e-06
1534	7.1416815e-06
1535	7.0912369e-06
1536	5.7679828e-06
1537	8.1159704e-06
1538	2.2863042e-05
1539	7.4856299e-06
1540	6.0550847e-06
1541	6.7024658e-06
1542	5.4838006e-06
1543	7.1178684e-06
1544	9.3091651e-06
1545	7.1459129e-06
1546	2.8737884e-05
1547	8.6154808e-06
1548	7.3159257e-06
1549	7.4844435e-06
1550	5.6096477e-06
1551	7.4934362e-06
1552	9.5857261e-06
1553	6.7779187e-06
1554	2.6115802e-05
1555	7.9288602e-06
1556	7.3425813e-06
1557	7.3864301e-06
1558	5.9937351e-06
1559	9.19291e-06
1560	2.2195924e-05
1561	7.8251045e-06
1562	6.3528237e-06
1563	6.8621576e-06
1564	5.6087445e-06
1565	8.9119741e-06
1566	2.4226785e-05
1567	5.0894739e-06
1568	9.7203352e-06
1569	6.033756e-06
1570	2.2019612e-05
1571	6.890593e-06
1572	2.4320308e-05
1573	8.3810075e-06
1574	8.3573302e-06
1575	2.0361449e-05
1576	6.5924582e-06
1577	8.423599e-06
1578	9.5240102e-06
1579	6.5465666e-06
1580	2.4242936e-05
1581	8.1797609e-06
1582	7.8757138e-06
1583	7.6609277e-06
1584	6.0463622e-06
1585	7.9771341e-06
1586	9.7870653e-06
1587	5.6225152e-06
