1	5
2	4
3	4
4	4
5	4
6	4
7	5
8	4
9	3
10	3
11	4
12	3
13	3
14	3
15	3
16	3
17	3
18	3
19	3
20	3
21	3
22	3
23	2
24	2
25	2
26	2
27	2
28	3
29	2
30	3
31	2
32	3
33	2
34	3
35	2
36	2
37	2
38	2
39	2
40	2
41	2
42	2
43	2
44	2
45	2
46	2
47	2
48	2
49	2
50	2
51	2
52	2
53	2
54	2
55	2
56	2
57	2
58	2
59	2
60	2
61	2
62	2
63	2
64	2
65	2
66	2
67	2
68	2
69	2
70	2
71	2
72	2
73	2
74	2
75	2
76	2
77	2
78	2
79	2
80	2
81	2
82	3
83	2
84	3
85	3
86	3
87	3
88	3
89	3
90	3
91	3
92	3
93	3
94	3
95	3
96	3
97	3
98	2
99	3
100	3
101	3
102	2
103	2
104	2
105	3
106	2
107	2
108	2
109	2
110	2
111	2
112	2
113	2
114	2
115	2
116	2
117	2
118	2
119	2
120	2
121	2
122	2
123	2
124	2
125	2
126	2
127	2
128	2
129	2
130	2
131	2
132	2
133	2
134	2
135	2
136	2
137	2
138	2
139	2
140	2
141	2
142	2
143	2
144	2
145	2
146	2
147	2
148	2
149	2
150	2
151	2
152	2
153	2
154	2
155	2
156	2
157	2
158	2
159	2
160	2
161	2
162	2
163	2
164	2
165	2
166	2
167	2
168	2
169	2
170	2
171	2
172	2
173	2
174	2
175	2
176	2
177	2
178	2
179	2
180	2
181	2
182	2
183	2
184	2
185	2
186	2
187	2
188	2
189	2
190	2
191	2
192	2
193	2
194	2
195	2
196	2
197	2
198	2
199	2
200	2
201	2
202	2
203	2
204	2
205	2
206	2
207	2
208	2
209	2
210	2
211	2
212	2
213	2
214	2
215	2
216	2
217	2
218	2
219	2
220	2
221	2
222	3
223	5
224	3
225	3
226	2
227	2
228	2
229	2
230	2
231	2
232	2
233	2
234	2
235	2
236	2
237	2
238	2
239	2
240	2
241	2
242	2
243	2
244	2
245	2
246	2
247	2
248	2
249	2
250	2
251	2
252	2
253	2
254	2
255	2
256	2
257	2
258	2
259	2
260	2
261	2
262	2
263	2
264	2
265	2
266	2
267	2
268	2
269	2
270	2
271	2
272	2
273	2
274	2
275	2
276	2
277	2
278	2
279	2
280	2
281	2
282	2
283	2
284	2
285	2
286	2
287	2
288	2
289	2
290	2
291	2
292	2
293	2
294	2
295	2
296	2
297	2
298	2
299	2
300	2
301	2
302	2
303	2
304	2
305	2
306	2
307	2
308	2
309	2
310	2
311	2
312	2
313	2
314	2
315	2
316	2
317	2
318	2
319	2
320	2
321	2
322	2
323	2
324	2
325	2
326	2
327	2
328	2
329	2
330	2
331	2
332	2
333	2
334	2
335	2
336	2
337	2
338	2
339	2
340	2
341	2
342	2
343	2
344	2
345	2
346	2
347	2
348	2
349	2
350	2
351	2
352	3
353	2
354	3
355	3
356	2
357	2
358	3
359	2
360	3
361	2
362	3
363	2
364	3
365	2
366	3
367	2
368	3
369	2
370	3
371	2
372	3
373	3
374	3
375	3
376	3
377	3
378	3
379	3
380	3
381	3
382	3
383	3
384	3
385	3
386	3
387	3
388	3
389	3
390	3
391	3
392	3
393	3
394	3
395	3
396	3
397	3
398	3
399	3
400	3
401	3
402	3
403	3
404	3
405	3
406	3
407	3
408	3
409	3
410	3
411	3
412	3
413	3
414	3
415	3
416	3
417	3
418	3
419	3
420	3
421	3
422	3
423	3
424	3
425	3
426	3
427	3
428	3
429	3
430	3
431	3
432	3
433	3
434	3
435	3
436	3
437	3
438	3
439	3
440	3
441	3
442	3
443	3
444	3
445	3
446	3
447	3
448	3
449	3
450	3
451	3
452	3
453	3
454	3
455	3
456	3
457	3
458	3
459	3
460	3
461	3
462	3
463	3
464	3
465	3
466	3
467	3
468	3
469	3
470	3
471	3
472	3
473	3
474	3
475	3
476	3
477	3
478	3
479	3
480	3
481	3
482	3
483	3
484	3
485	3
486	3
487	3
488	3
489	3
490	3
491	3
492	3
493	3
494	3
495	3
496	3
497	3
498	3
499	3
500	3
501	3
502	3
503	3
504	3
505	3
506	3
507	3
508	3
509	3
510	3
511	3
512	3
513	3
514	3
515	3
516	3
517	3
518	3
519	3
520	2
521	3
522	3
523	3
524	3
525	3
526	2
527	3
528	2
529	3
530	3
531	3
532	2
533	3
534	3
535	3
536	3
537	3
538	2
539	3
540	3
541	3
542	3
543	2
544	2
545	2
546	2
547	2
548	3
549	2
550	2
551	2
552	2
553	2
554	3
555	2
556	2
557	2
558	2
559	2
560	3
561	2
562	2
563	2
564	2
565	2
566	3
567	2
568	2
569	2
570	2
571	2
572	3
573	2
574	2
575	2
576	2
577	2
578	3
579	2
580	2
581	2
582	2
583	2
584	3
585	2
586	2
587	2
588	2
589	2
590	3
591	2
592	3
593	2
594	2
595	3
596	3
597	2
598	3
599	2
600	2
601	3
602	3
603	3
604	3
605	2
606	2
607	3
608	3
609	3
610	3
611	2
612	2
613	3
614	3
615	3
616	3
617	2
618	2
619	3
620	3
621	3
622	3
623	2
624	2
625	3
626	3
627	3
628	3
629	2
630	2
631	3
632	3
633	3
634	3
635	2
636	2
637	3
638	3
639	3
640	3
641	2
642	2
643	2
644	3
645	3
646	3
647	2
648	2
649	2
650	3
651	3
652	3
653	2
654	2
655	3
656	3
657	3
658	3
659	2
660	3
661	3
662	3
663	3
664	3
665	3
666	3
667	3
668	3
669	3
670	3
671	3
672	3
673	3
674	3
675	3
676	3
677	3
678	3
679	3
680	3
681	3
682	3
683	3
684	3
685	3
686	3
687	3
688	3
689	3
690	3
691	3
692	3
693	3
694	3
695	3
696	3
697	3
698	4
699	3
700	3
701	3
702	3
703	3
704	3
705	3
706	3
707	3
708	3
709	3
710	3
711	3
712	3
713	3
714	3
715	3
716	3
717	3
718	3
719	3
720	3
721	3
722	3
723	3
724	3
725	3
726	3
727	3
728	3
729	3
730	3
731	3
732	3
733	3
734	3
735	3
736	3
737	3
738	3
739	3
740	3
741	3
742	3
743	3
744	3
745	3
746	3
747	3
748	3
749	3
750	3
751	3
752	3
753	3
754	3
755	3
756	3
757	3
758	3
759	3
760	3
761	3
762	3
763	3
764	3
765	3
766	3
767	3
768	3
769	3
770	3
771	3
772	3
773	3
774	3
775	3
776	3
777	3
778	3
779	3
780	3
781	3
782	3
783	3
784	3
785	3
786	3
787	3
788	3
789	3
790	3
791	3
792	3
793	3
794	3
795	3
796	3
797	3
798	3
799	3
800	3
801	3
802	3
803	3
804	3
805	3
806	3
807	3
808	3
809	3
810	3
811	3
812	3
813	3
814	3
815	3
816	3
817	3
818	3
819	3
820	3
821	3
822	3
823	3
824	3
825	3
826	3
827	3
828	3
829	3
830	3
831	4
832	3
833	3
834	3
835	3
836	3
837	4
838	4
839	3
840	3
841	4
842	4
843	4
844	4
845	3
846	3
847	4
848	4
849	4
850	4
851	3
852	3
853	4
854	4
855	4
856	4
857	4
858	4
859	4
860	4
861	4
862	4
863	4
864	4
865	3
866	4
867	4
868	4
869	4
870	4
871	3
872	3
873	4
874	4
875	4
876	4
877	4
878	4
879	3
880	3
881	4
882	4
883	4
884	4
885	3
886	3
887	4
888	4
889	4
890	4
891	3
892	3
893	3
894	4
895	4
896	4
897	3
898	3
899	4
900	4
901	4
902	4
903	3
904	3
905	4
906	4
907	4
908	4
909	3
910	3
911	4
912	4
913	4
914	4
915	3
916	4
917	3
918	4
919	4
920	4
921	3
922	4
923	4
924	4
925	4
926	4
927	3
928	4
929	4
930	4
931	3
932	4
933	3
934	4
935	3
936	4
937	4
938	4
939	3
940	4
941	4
942	4
943	4
944	4
945	3
946	3
947	3
948	4
949	4
950	4
951	3
952	4
953	3
954	4
955	4
956	4
957	3
958	3
959	3
960	4
961	4
962	4
963	3
964	4
965	3
966	4
967	4
968	4
969	3
970	3
971	3
972	4
973	4
974	4
975	3
976	3
977	3
978	4
979	4
980	4
981	3
982	3
983	3
984	4
985	4
986	4
987	3
988	3
989	3
990	4
991	4
992	4
993	3
994	3
995	3
996	4
997	3
998	4
999	4
1000	4
1001	3
1002	3
1003	3
1004	3
1005	4
1006	4
1007	3
1008	3
1009	3
1010	4
1011	4
1012	4
1013	3
1014	3
1015	4
1016	4
1017	4
1018	4
1019	3
1020	3
1021	4
1022	4
1023	4
1024	4
1025	3
1026	3
1027	4
1028	4
1029	4
1030	4
1031	3
1032	3
1033	4
1034	4
1035	4
1036	4
1037	3
1038	3
1039	4
1040	4
1041	3
1042	4
1043	4
1044	4
1045	3
1046	3
1047	4
1048	4
1049	4
1050	4
1051	3
1052	3
1053	4
1054	4
1055	3
1056	4
1057	3
1058	4
1059	3
1060	4
1061	3
1062	4
1063	3
1064	4
1065	3
1066	4
1067	3
1068	4
1069	3
1070	4
1071	3
1072	3
1073	4
1074	3
1075	3
1076	3
1077	3
1078	4
1079	4
1080	3
1081	3
1082	3
1083	3
1084	4
1085	4
1086	3
1087	3
1088	3
1089	3
1090	4
1091	4
1092	4
1093	3
1094	3
1095	4
1096	4
1097	3
1098	4
1099	4
1100	4
1101	3
1102	3
1103	3
1104	4
1105	4
1106	4
1107	3
1108	3
1109	4
1110	4
1111	4
1112	4
1113	3
1114	3
1115	4
1116	4
1117	4
1118	4
1119	3
1120	3
1121	3
1122	4
1123	3
1124	4
1125	3
1126	4
1127	3
1128	4
1129	3
1130	4
1131	3
1132	4
1133	3
1134	4
1135	3
1136	4
1137	3
1138	4
1139	3
1140	3
1141	4
1142	3
1143	3
1144	4
1145	3
1146	4
1147	3
1148	4
1149	3
1150	3
1151	3
1152	4
1153	3
1154	4
1155	4
1156	4
1157	3
1158	3
1159	3
1160	4
1161	4
1162	4
1163	3
1164	3
1165	3
1166	4
1167	4
1168	4
1169	3
1170	3
1171	4
1172	4
1173	3
1174	4
1175	4
1176	4
1177	3
1178	3
1179	4
1180	4
1181	4
1182	4
1183	3
1184	3
1185	3
1186	4
1187	3
1188	4
1189	4
1190	4
1191	3
1192	3
1193	3
1194	4
1195	3
1196	4
1197	3
1198	4
1199	4
1200	4
1201	3
1202	3
1203	3
1204	4
1205	4
1206	4
1207	3
1208	3
1209	4
1210	4
1211	3
1212	4
1213	4
1214	4
1215	3
1216	3
1217	4
1218	4
1219	4
1220	3
1221	3
1222	3
1223	4
1224	4
1225	4
1226	3
1227	3
1228	3
1229	4
1230	5
1231	3
1232	5
1233	4
1234	4
1235	3
1236	3
1237	3
1238	4
1239	3
1240	4
1241	3
1242	4
1243	3
1244	3
1245	4
1246	4
1247	4
1248	3
1249	4
1250	4
1251	3
1252	4
1253	3
1254	4
1255	3
1256	4
1257	3
1258	4
1259	4
1260	4
1261	4
1262	3
1263	4
1264	4
1265	4
1266	5
1267	5
1268	3
1269	3
1270	3
1271	4
1272	4
1273	5
1274	4
1275	3
1276	3
1277	4
1278	5
1279	5
1280	4
1281	3
1282	3
1283	4
1284	5
1285	5
1286	4
1287	3
1288	3
1289	4
1290	4
1291	4
1292	5
1293	6
1294	4
1295	4
1296	3
1297	3
1298	4
1299	3
1300	5
1301	5
1302	3
1303	3
1304	3
1305	4
1306	5
1307	5
1308	4
1309	3
1310	3
1311	4
1312	5
1313	5
1314	4
1315	3
1316	3
1317	4
1318	4
1319	5
1320	4
1321	3
1322	3
1323	6
1324	5
1325	6
1326	5
1327	3
1328	3
1329	6
1330	5
1331	4
1332	5
1333	3
1334	3
1335	4
1336	5
1337	4
1338	5
1339	3
1340	3
1341	6
1342	5
1343	6
1344	5
1345	3
1346	3
1347	4
1348	5
1349	4
1350	5
1351	4
1352	3
1353	4
1354	5
1355	4
1356	5
1357	4
1358	3
1359	4
1360	5
1361	5
1362	5
1363	4
1364	3
1365	6
1366	5
1367	4
1368	5
1369	4
1370	3
1371	4
1372	4
1373	4
1374	5
1375	4
1376	3
1377	4
1378	4
1379	4
1380	5
1381	3
1382	3
1383	4
1384	5
1385	3
1386	5
1387	4
1388	5
1389	3
1390	3
1391	4
1392	4
1393	4
1394	5
1395	4
1396	5
1397	4
1398	3
1399	4
1400	4
1401	3
1402	5
1403	4
1404	5
1405	4
1406	3
1407	4
1408	4
1409	3
1410	5
1411	4
1412	4
1413	3
1414	3
1415	4
1416	4
1417	5
1418	5
1419	4
1420	5
1421	4
1422	3
1423	4
1424	5
1425	4
1426	5
1427	3
1428	3
1429	4
1430	5
1431	4
1432	5
1433	6
1434	5
1435	4
1436	3
1437	5
1438	4
1439	4
1440	5
1441	6
1442	5
1443	3
1444	3
1445	5
1446	4
1447	4
1448	5
1449	6
1450	5
1451	3
1452	3
1453	4
1454	5
1455	6
1456	4
1457	3
1458	3
1459	4
1460	5
1461	6
1462	4
1463	3
1464	3
1465	4
1466	5
1467	6
1468	5
1469	3
1470	3
1471	4
1472	5
1473	6
1474	5
1475	3
1476	3
1477	4
1478	4
1479	3
1480	4
1481	3
1482	5
1483	5
1484	4
1485	3
1486	3
1487	4
1488	5
1489	4
1490	4
1491	4
1492	3
1493	4
1494	3
1495	6
1496	5
1497	4
1498	3
1499	4
1500	3
1501	7
1502	5
1503	4
1504	4
1505	4
1506	4
1507	4
1508	4
1509	5
1510	5
1511	4
1512	5
1513	4
1514	3
1515	6
1516	4
1517	3
1518	5
1519	5
1520	5
1521	4
1522	6
1523	4
1524	3
1525	6
1526	5
1527	4
1528	5
1529	5
1530	3
1531	6
1532	5
1533	4
1534	5
1535	4
1536	3
1537	6
1538	5
1539	4
1540	3
1541	4
1542	3
1543	5
1544	4
1545	5
1546	5
1547	4
1548	5
1549	4
1550	3
1551	5
1552	4
1553	5
1554	5
1555	4
1556	5
1557	3
1558	3
1559	6
1560	5
1561	4
1562	3
1563	3
1564	3
1565	6
1566	5
1567	3
1568	5
1569	4
1570	5
1571	5
1572	5
1573	4
1574	5
1575	4
1576	3
1577	5
1578	4
1579	4
1580	5
1581	4
1582	5
1583	3
1584	3
1585	4
1586	4
1587	3
