1	0.0017802624
2	0.00014155256
3	8.0122069e-05
4	6.462894e-05
5	5.6677784e-05
6	3.3012287e-05
7	3.2932927e-05
8	1.8385082e-05
9	2.3124862e-05
10	1.7599445e-05
11	2.0411264e-05
12	2.2469746e-05
13	1.7507061e-05
14	1.5953177e-05
15	1.5328221e-05
16	1.4928213e-05
17	1.4329316e-05
18	1.3425228e-05
19	1.2570142e-05
20	1.1701931e-05
21	1.1170054e-05
22	1.0495199e-05
23	1.8337233e-05
24	1.7514494e-05
25	1.7557546e-05
26	1.6683956e-05
27	1.6771697e-05
28	1.5528165e-05
29	1.6070833e-05
30	1.4980039e-05
31	1.5165854e-05
32	1.3969912e-05
33	1.4200292e-05
34	1.3073867e-05
35	1.3128892e-05
36	1.3236837e-05
37	1.3304172e-05
38	1.3536217e-05
39	1.3631892e-05
40	1.3909278e-05
41	1.4310498e-05
42	1.4878192e-05
43	1.5124566e-05
44	1.4874026e-05
45	1.5289036e-05
46	1.5336296e-05
47	1.6204162e-05
48	1.6781839e-05
49	1.7172831e-05
50	1.6385592e-05
51	1.6957057e-05
52	1.6137141e-05
53	1.7181707e-05
54	1.6151373e-05
55	1.7427004e-05
56	1.6010371e-05
57	1.7275397e-05
58	1.7195566e-05
59	1.8498513e-05
60	1.7860114e-05
61	1.9083611e-05
62	1.8520089e-05
63	1.9815265e-05
64	1.8948434e-05
65	2.0233777e-05
66	1.9238482e-05
67	2.080993e-05
68	1.8496217e-05
69	1.9981215e-05
70	1.9008446e-05
71	2.0659096e-05
72	1.906645e-05
73	2.0619316e-05
74	1.782333e-05
75	1.9139337e-05
76	1.8159778e-05
77	1.9899084e-05
78	1.7126029e-05
79	1.7965214e-05
80	1.7459817e-05
81	1.8703018e-05
82	1.5365157e-05
83	1.7535114e-05
84	1.4207496e-05
85	1.5522232e-05
86	1.4638961e-05
87	1.5841737e-05
88	1.4225791e-05
89	1.5148158e-05
90	1.2857899e-05
91	1.3870658e-05
92	1.2858631e-05
93	1.32619e-05
94	1.276138e-05
95	1.3508902e-05
96	1.1402879e-05
97	1.2875081e-05
98	1.8605381e-05
99	1.1548394e-05
100	1.1135553e-05
101	1.1989987e-05
102	1.7392211e-05
103	1.8936345e-05
104	1.8790016e-05
105	1.1608473e-05
106	1.606946e-05
107	1.7090452e-05
108	1.7046045e-05
109	1.8580466e-05
110	1.6833318e-05
111	1.7571783e-05
112	1.6367233e-05
113	1.7021931e-05
114	1.6014434e-05
115	1.650892e-05
116	1.5935501e-05
117	1.7323871e-05
118	1.4845737e-05
119	1.5115369e-05
120	1.5229616e-05
121	1.5846261e-05
122	1.5271317e-05
123	1.6243677e-05
124	1.4742514e-05
125	1.4619662e-05
126	1.4832999e-05
127	1.5394065e-05
128	1.4779122e-05
129	1.5576012e-05
130	1.4538366e-05
131	1.4546221e-05
132	1.4357134e-05
133	1.4542759e-05
134	1.4082235e-05
135	1.4534455e-05
136	1.4015884e-05
137	1.5858952e-05
138	1.4311689e-05
139	1.3998406e-05
140	1.2889742e-05
141	1.4097998e-05
142	1.3594253e-05
143	1.387263e-05
144	1.4377803e-05
145	1.5572911e-05
146	1.410145e-05
147	1.4642785e-05
148	1.4142098e-05
149	1.4558461e-05
150	1.4141841e-05
151	1.4656382e-05
152	1.4108424e-05
153	1.4916828e-05
154	1.4026775e-05
155	1.4475301e-05
156	1.4161924e-05
157	1.4672004e-05
158	1.4151041e-05
159	1.4733415e-05
160	1.4254293e-05
161	1.4709875e-05
162	1.4155087e-05
163	1.4863068e-05
164	1.4262928e-05
165	1.4539239e-05
166	1.4298854e-05
167	1.4954426e-05
168	1.4254713e-05
169	1.4617262e-05
170	1.4302739e-05
171	1.4447899e-05
172	1.4426076e-05
173	1.4549191e-05
174	1.5062165e-05
175	1.4619393e-05
176	1.4150051e-05
177	1.4333918e-05
178	1.3714979e-05
179	1.4439286e-05
180	1.5131708e-05
181	1.4836985e-05
182	1.4206092e-05
183	1.5621949e-05
184	1.4273284e-05
185	1.5290017e-05
186	1.6109095e-05
187	1.4787288e-05
188	1.3974185e-05
189	1.6336385e-05
190	1.5823807e-05
191	1.6100137e-05
192	1.4925068e-05
193	1.6859995e-05
194	1.738046e-05
195	1.6422522e-05
196	1.6184913e-05
197	1.8253586e-05
198	1.6078814e-05
199	1.7384185e-05
200	1.6895585e-05
201	1.6126324e-05
202	1.6102657e-05
203	1.6789588e-05
204	1.6138945e-05
205	1.7043534e-05
206	1.6682665e-05
207	1.7653353e-05
208	1.6746268e-05
209	1.7459679e-05
210	1.6580501e-05
211	1.7378452e-05
212	1.6259788e-05
213	1.7809137e-05
214	1.512753e-05
215	1.6320829e-05
216	1.7048052e-05
217	1.7690605e-05
218	1.4945087e-05
219	1.7881298e-05
220	1.4367208e-05
221	1.5565873e-05
222	2.1949944e-05
223	2.0045589e-05
224	1.7021156e-05
225	1.3641772e-05
226	1.3130998e-05
227	1.4502186e-05
228	1.5761343e-05
229	1.6551961e-05
230	1.4219303e-05
231	1.4859282e-05
232	1.5572497e-05
233	1.6284972e-05
234	1.3938044e-05
235	1.6104099e-05
236	1.4626087e-05
237	1.4809247e-05
238	1.5735497e-05
239	1.5857771e-05
240	1.3930345e-05
241	1.544548e-05
242	1.4014818e-05
243	1.4021701e-05
244	1.4453972e-05
245	1.4305321e-05
246	1.4400027e-05
247	1.4318169e-05
248	1.4307661e-05
249	1.4572711e-05
250	1.4250011e-05
251	1.438623e-05
252	1.4332602e-05
253	1.4316075e-05
254	1.4333748e-05
255	1.4573654e-05
256	1.3318335e-05
257	1.474894e-05
258	1.5533762e-05
259	1.5428922e-05
260	1.3704664e-05
261	1.5843982e-05
262	1.3512476e-05
263	1.4926745e-05
264	1.5715212e-05
265	1.4894557e-05
266	1.3913094e-05
267	1.5137779e-05
268	1.4514099e-05
269	1.3902537e-05
270	1.4898011e-05
271	1.364477e-05
272	1.4767164e-05
273	1.382315e-05
274	1.4663977e-05
275	1.3764994e-05
276	1.4677581e-05
277	1.3780028e-05
278	1.4663963e-05
279	1.373247e-05
280	1.4582229e-05
281	1.3688488e-05
282	1.4523026e-05
283	1.3922779e-05
284	1.4429289e-05
285	1.3957905e-05
286	1.4437652e-05
287	1.4145627e-05
288	1.4449176e-05
289	1.3987963e-05
290	1.4459309e-05
291	1.4068458e-05
292	1.4367849e-05
293	1.4335812e-05
294	1.4295512e-05
295	1.4215713e-05
296	1.4285569e-05
297	1.4302111e-05
298	1.4255126e-05
299	1.4258259e-05
300	1.4253766e-05
301	1.4121412e-05
302	1.4185894e-05
303	1.4218568e-05
304	1.4082407e-05
305	1.3767046e-05
306	1.3994283e-05
307	1.386637e-05
308	1.3778004e-05
309	1.3748363e-05
310	1.3630768e-05
311	1.3805105e-05
312	1.3539426e-05
313	1.3268577e-05
314	1.3409972e-05
315	1.3337993e-05
316	1.3179276e-05
317	1.300108e-05
318	1.3042048e-05
319	1.2971927e-05
320	1.2892391e-05
321	1.286225e-05
322	1.3148929e-05
323	1.260774e-05
324	1.2852314e-05
325	1.2688842e-05
326	1.2581916e-05
327	1.2593925e-05
328	1.2587876e-05
329	1.2322997e-05
330	1.2535868e-05
331	1.2435904e-05
332	1.2444091e-05
333	1.2273909e-05
334	1.2428246e-05
335	1.2240065e-05
336	1.2329442e-05
337	1.2285714e-05
338	1.2301858e-05
339	1.2345829e-05
340	1.3236408e-05
341	1.2136144e-05
342	1.2270129e-05
343	1.2724762e-05
344	1.323361e-05
345	1.3496287e-05
346	1.1742049e-05
347	1.3184091e-05
348	1.2494254e-05
349	1.2023691e-05
350	1.2479148e-05
351	1.3091605e-05
352	7.5568958e-06
353	1.2616058e-05
354	6.8520774e-06
355	7.4096754e-06
356	1.250692e-05
357	1.242843e-05
358	7.5958877e-06
359	1.2298668e-05
360	7.336553e-06
361	1.2796643e-05
362	7.1776828e-06
363	1.2588382e-05
364	7.2225217e-06
365	1.2506438e-05
366	7.1952853e-06
367	1.2481396e-05
368	7.1926027e-06
369	1.2773001e-05
370	7.1768194e-06
371	1.2863548e-05
372	6.6710888e-06
373	7.2167191e-06
374	7.6740861e-06
375	7.322037e-06
376	6.7824368e-06
377	7.5744404e-06
378	6.7868353e-06
379	7.5357068e-06
380	7.9806505e-06
381	7.0798681e-06
382	7.1885892e-06
383	8.0660123e-06
384	7.2096781e-06
385	7.313057e-06
386	7.3148952e-06
387	7.810349e-06
388	8.3229186e-06
389	7.8336909e-06
390	7.3382697e-06
391	7.8150131e-06
392	7.2908583e-06
393	7.9674494e-06
394	8.6611987e-06
395	7.7817284e-06
396	7.776355e-06
397	7.5761748e-06
398	7.6834399e-06
399	7.9004369e-06
400	8.7028029e-06
401	7.8339224e-06
402	8.3950342e-06
403	8.2302497e-06
404	8.0385413e-06
405	7.4293062e-06
406	8.0797839e-06
407	8.6096204e-06
408	9.3789699e-06
409	8.1437514e-06
410	8.5397285e-06
411	8.0839342e-06
412	8.067522e-06
413	8.6788612e-06
414	9.6301842e-06
415	8.3051884e-06
416	8.9799089e-06
417	7.9610113e-06
418	8.781321e-06
419	7.5996134e-06
420	9.0366273e-06
421	7.7800504e-06
422	9.0364145e-06
423	7.7442078e-06
424	8.4793882e-06
425	9.0496323e-06
426	9.8355407e-06
427	9.2548654e-06
428	9.5655016e-06
429	8.3984663e-06
430	8.7693442e-06
431	7.6338467e-06
432	8.5687335e-06
433	9.0487555e-06
434	9.7920973e-06
435	8.6923782e-06
436	9.054287e-06
437	7.9387266e-06
438	8.705902e-06
439	7.4889927e-06
440	8.4998893e-06
441	9.0032856e-06
442	9.6414622e-06
443	8.4900581e-06
444	8.8379488e-06
445	7.9858089e-06
446	8.2750178e-06
447	8.6375779e-06
448	9.2563282e-06
449	8.2785605e-06
450	8.7836794e-06
451	7.7766301e-06
452	8.1849414e-06
453	8.4981996e-06
454	9.0099737e-06
455	7.9887275e-06
456	8.6028986e-06
457	7.5825264e-06
458	8.1783083e-06
459	8.4294852e-06
460	8.8022202e-06
461	7.7690076e-06
462	8.3832494e-06
463	7.4027549e-06
464	7.9752974e-06
465	8.2866459e-06
466	8.5289328e-06
467	7.4255439e-06
468	8.0094847e-06
469	7.2925995e-06
470	7.8110689e-06
471	8.1869987e-06
472	8.2928549e-06
473	7.5189755e-06
474	7.8757413e-06
475	7.7693823e-06
476	7.4207954e-06
477	8.100858e-06
478	8.195523e-06
479	7.0612201e-06
480	7.3236517e-06
481	7.1787472e-06
482	7.2190491e-06
483	7.8198456e-06
484	7.8432662e-06
485	6.8838087e-06
486	7.1658593e-06
487	7.2341966e-06
488	6.9680215e-06
489	7.787356e-06
490	7.7059966e-06
491	6.8997639e-06
492	7.0341834e-06
493	7.1470797e-06
494	6.5791892e-06
495	7.4957415e-06
496	7.4699055e-06
497	6.3816147e-06
498	6.5544416e-06
499	6.5191755e-06
500	6.387892e-06
501	7.1905225e-06
502	7.1540694e-06
503	6.3521854e-06
504	6.5391879e-06
505	6.6233191e-06
506	6.2051542e-06
507	7.0223536e-06
508	6.972215e-06
509	6.06362e-06
510	6.1664702e-06
511	6.2784677e-06
512	6.0613902e-06
513	6.735629e-06
514	6.6682e-06
515	6.2311405e-06
516	6.2345712e-06
517	6.5277127e-06
518	6.0210088e-06
519	6.5363231e-06
520	7.3449658e-06
521	6.1491057e-06
522	5.9978602e-06
523	6.2905861e-06
524	5.76679e-06
525	6.2461058e-06
526	7.0701623e-06
527	6.2572326e-06
528	6.8810817e-06
529	6.3444491e-06
530	5.7631959e-06
531	6.1283025e-06
532	6.9941595e-06
533	6.2332546e-06
534	6.0648298e-06
535	6.1448671e-06
536	5.591572e-06
537	5.9633372e-06
538	6.9578862e-06
539	6.1391532e-06
540	5.9833007e-06
541	6.029616e-06
542	5.6206693e-06
543	6.7888242e-06
544	7.1382798e-06
545	7.2853054e-06
546	7.1463942e-06
547	7.2170964e-06
548	5.8223018e-06
549	6.7870644e-06
550	7.1790758e-06
551	7.2872158e-06
552	7.0681322e-06
553	7.1999442e-06
554	5.6224657e-06
555	6.8924539e-06
556	7.2518257e-06
557	7.2972284e-06
558	6.9658528e-06
559	7.1675388e-06
560	5.5826094e-06
561	6.9254845e-06
562	7.3456633e-06
563	7.3036805e-06
564	7.1023391e-06
565	7.475225e-06
566	5.6422971e-06
567	6.8253486e-06
568	7.324813e-06
569	7.1761252e-06
570	6.7427075e-06
571	7.4958135e-06
572	5.4927933e-06
573	6.8825555e-06
574	7.3902329e-06
575	7.1909423e-06
576	6.7343579e-06
577	7.9705939e-06
578	5.4677458e-06
579	6.7528789e-06
580	7.336341e-06
581	7.2897004e-06
582	6.652574e-06
583	8.1986318e-06
584	5.448989e-06
585	6.8237477e-06
586	7.4676041e-06
587	7.4721171e-06
588	6.7841595e-06
589	8.486618e-06
590	5.4947367e-06
591	6.9036962e-06
592	4.1716138e-06
593	7.4761776e-06
594	7.1440514e-06
595	4.6695333e-06
596	5.4656828e-06
597	6.9425831e-06
598	4.2029336e-06
599	7.5310135e-06
600	6.9232318e-06
601	4.4826356e-06
602	5.4899286e-06
603	3.9576487e-06
604	4.1124706e-06
605	7.4260607e-06
606	6.8394074e-06
607	4.4262906e-06
608	5.5593055e-06
609	4.0213357e-06
610	4.1142662e-06
611	7.1574479e-06
612	6.6014719e-06
613	4.2390168e-06
614	5.6892988e-06
615	4.0169124e-06
616	4.0697816e-06
617	6.9734245e-06
618	6.8152856e-06
619	4.2508974e-06
620	5.5618689e-06
621	3.9121026e-06
622	4.012364e-06
623	6.8003721e-06
624	6.6435023e-06
625	4.1657183e-06
626	5.9573515e-06
627	4.0630232e-06
628	4.1071748e-06
629	6.7653147e-06
630	6.5803153e-06
631	3.9886343e-06
632	6.0742971e-06
633	4.2495206e-06
634	4.0592464e-06
635	6.5639549e-06
636	6.5397735e-06
637	3.9464278e-06
638	6.2768258e-06
639	4.138803e-06
640	3.9527545e-06
641	6.220931e-06
642	5.9776266e-06
643	6.8323527e-06
644	6.1172917e-06
645	3.8181898e-06
646	3.8325641e-06
647	6.1553096e-06
648	6.0126318e-06
649	6.8441115e-06
650	6.1886349e-06
651	3.7164628e-06
652	3.9895027e-06
653	6.22943e-06
654	6.1088185e-06
655	3.7635777e-06
656	3.6785204e-06
657	3.69322e-06
658	3.6875375e-06
659	6.3830234e-06
660	3.3844229e-06
661	3.9089699e-06
662	3.7386271e-06
663	3.5928122e-06
664	3.6712489e-06
665	3.4490505e-06
666	3.3316654e-06
667	3.9331676e-06
668	3.7529736e-06
669	3.6244016e-06
670	3.7007393e-06
671	3.3858898e-06
672	3.3170556e-06
673	4.0194565e-06
674	3.7954462e-06
675	3.6707534e-06
676	3.5850916e-06
677	3.3524564e-06
678	3.2714366e-06
679	4.0197752e-06
680	3.7942306e-06
681	3.7029684e-06
682	3.6075948e-06
683	3.3568282e-06
684	3.251428e-06
685	3.9999292e-06
686	3.7820106e-06
687	3.7798673e-06
688	3.6270256e-06
689	3.4196722e-06
690	3.2379972e-06
691	3.9874756e-06
692	3.8344945e-06
693	3.9727551e-06
694	3.7179033e-06
695	3.3893381e-06
696	3.235632e-06
697	4.6295012e-06
698	3.7654694e-06
699	4.5046763e-06
700	4.2712385e-06
701	3.334267e-06
702	3.1912192e-06
703	3.8669723e-06
704	3.5660102e-06
705	4.0052723e-06
706	3.8019504e-06
707	3.3456975e-06
708	3.3849939e-06
709	4.307282e-06
710	3.7363267e-06
711	4.1999296e-06
712	4.1396011e-06
713	3.3425955e-06
714	3.4025346e-06
715	4.2271441e-06
716	3.6422359e-06
717	4.1090076e-06
718	4.0893614e-06
719	3.3943524e-06
720	3.5090033e-06
721	4.1983287e-06
722	3.6694349e-06
723	4.1932275e-06
724	4.1962978e-06
725	3.420741e-06
726	3.5124873e-06
727	4.0591067e-06
728	3.6970278e-06
729	4.2970534e-06
730	4.2489754e-06
731	3.4256365e-06
732	3.511111e-06
733	3.9951579e-06
734	3.7289962e-06
735	4.3145231e-06
736	4.2451188e-06
737	3.436873e-06
738	3.5364732e-06
739	3.9607753e-06
740	3.7839287e-06
741	4.3666908e-06
742	4.2755401e-06
743	3.4976737e-06
744	3.4682888e-06
745	3.8892294e-06
746	3.7799855e-06
747	4.292281e-06
748	4.1591198e-06
749	3.4861839e-06
750	3.5295727e-06
751	3.9347508e-06
752	3.8305816e-06
753	2.7899061e-06
754	4.0221424e-06
755	3.5277273e-06
756	3.450782e-06
757	3.872224e-06
758	3.7452082e-06
759	2.6814286e-06
760	3.8255987e-06
761	3.4498492e-06
762	3.4648568e-06
763	3.8849399e-06
764	3.7037157e-06
765	2.7213291e-06
766	3.8599449e-06
767	3.3772932e-06
768	3.3366129e-06
769	3.810083e-06
770	3.6096909e-06
771	2.5870163e-06
772	3.6510644e-06
773	3.2854273e-06
774	3.2404401e-06
775	3.7038167e-06
776	3.5600689e-06
777	2.6441988e-06
778	3.6870679e-06
779	3.1807615e-06
780	3.1194113e-06
781	3.5895397e-06
782	3.4573156e-06
783	2.3159584e-06
784	3.3723398e-06
785	3.0564158e-06
786	3.0393915e-06
787	3.4853835e-06
788	3.3222777e-06
789	2.3837978e-06
790	3.3242191e-06
791	2.9768466e-06
792	2.8663899e-06
793	3.2973788e-06
794	3.1692381e-06
795	2.2766291e-06
796	3.2093868e-06
797	2.843946e-06
798	2.9582701e-06
799	3.3325902e-06
800	3.0894855e-06
801	2.2722288e-06
802	3.2030109e-06
803	2.7144924e-06
804	2.9068161e-06
805	3.2905578e-06
806	3.0243846e-06
807	2.2816914e-06
808	3.198781e-06
809	2.7831365e-06
810	2.7345157e-06
811	3.282007e-06
812	2.9313653e-06
813	2.196141e-06
814	3.0930554e-06
815	2.7608418e-06
816	2.7852449e-06
817	2.1298052e-06
818	2.9754479e-06
819	3.1100966e-06
820	3.0563773e-06
821	2.9722629e-06
822	2.8782125e-06
823	3.0069601e-06
824	1.7628578e-06
825	2.0307148e-06
826	3.0040984e-06
827	2.8060204e-06
828	2.8998522e-06
829	2.4034702e-06
830	1.7683719e-06
831	2.5555563e-06
832	2.1485807e-06
833	2.9078276e-06
834	2.830956e-06
835	2.3914419e-06
836	1.8001036e-06
837	2.6721535e-06
838	2.372643e-06
839	1.510654e-06
840	1.5948182e-06
841	2.7206929e-06
842	2.073811e-06
843	2.8146787e-06
844	2.497283e-06
845	1.5215277e-06
846	1.6592104e-06
847	2.8574318e-06
848	2.2507357e-06
849	2.7333976e-06
850	2.3736407e-06
851	1.6691228e-06
852	1.7179983e-06
853	2.3875198e-06
854	2.1517204e-06
855	2.3371507e-06
856	2.1728677e-06
857	2.7051967e-06
858	2.2323703e-06
859	2.1317765e-06
860	2.0072112e-06
861	2.8378294e-06
862	2.1940303e-06
863	1.9363833e-06
864	2.2403265e-06
865	1.6473951e-06
866	1.9709899e-06
867	1.9988133e-06
868	2.1415285e-06
869	2.0091361e-06
870	2.2219888e-06
871	1.6984909e-06
872	1.6563422e-06
873	2.3001981e-06
874	2.0760155e-06
875	2.0904835e-06
876	2.0628523e-06
877	2.4161854e-06
878	1.952736e-06
879	1.5748918e-06
880	1.5211044e-06
881	2.4327928e-06
882	1.964807e-06
883	1.7757808e-06
884	2.0242937e-06
885	1.5192037e-06
886	1.416805e-06
887	2.3103832e-06
888	1.8770056e-06
889	1.647519e-06
890	1.9375057e-06
891	1.5191331e-06
892	1.3736915e-06
893	1.9404924e-06
894	1.803578e-06
895	2.0818435e-06
896	1.8644221e-06
897	1.4028656e-06
898	1.401489e-06
899	2.2802461e-06
900	1.8686403e-06
901	1.9310603e-06
902	2.1830792e-06
903	1.3493428e-06
904	1.3433062e-06
905	2.1650933e-06
906	1.7858625e-06
907	1.7739334e-06
908	2.0815074e-06
909	1.2543159e-06
910	1.3840341e-06
911	2.0420319e-06
912	1.7711252e-06
913	1.588395e-06
914	1.987149e-06
915	1.3246936e-06
916	1.6193293e-06
917	1.5556135e-06
918	1.713685e-06
919	2.1683359e-06
920	1.9944022e-06
921	1.2523187e-06
922	1.5620708e-06
923	1.9474279e-06
924	1.9053514e-06
925	1.7877087e-06
926	1.4910764e-06
927	1.2360643e-06
928	1.5131593e-06
929	1.8267102e-06
930	1.8062088e-06
931	1.2299012e-06
932	1.4212522e-06
933	1.1634429e-06
934	1.9335896e-06
935	1.3028168e-06
936	1.6831586e-06
937	1.5878253e-06
938	1.9462544e-06
939	1.2613474e-06
940	1.4911005e-06
941	1.8116562e-06
942	1.6314446e-06
943	1.6999044e-06
944	1.4809108e-06
945	1.2715385e-06
946	1.3127747e-06
947	1.2980603e-06
948	1.5789585e-06
949	1.4857024e-06
950	1.8512082e-06
951	1.1104927e-06
952	1.3876451e-06
953	1.2754639e-06
954	1.5318631e-06
955	1.4459631e-06
956	1.8377352e-06
957	1.1228342e-06
958	1.3139863e-06
959	1.3143461e-06
960	1.5426667e-06
961	1.5395496e-06
962	1.919409e-06
963	1.9604587e-06
964	1.4330308e-06
965	1.3559333e-06
966	1.5402562e-06
967	1.6274715e-06
968	1.4001937e-06
969	1.0509106e-06
970	1.2165351e-06
971	1.3097675e-06
972	1.4579275e-06
973	1.5756083e-06
974	1.3900113e-06
975	1.0534011e-06
976	1.1921876e-06
977	1.3002574e-06
978	1.5562445e-06
979	1.8294256e-06
980	1.4152134e-06
981	1.0287168e-06
982	1.1504199e-06
983	1.2277097e-06
984	1.5592324e-06
985	1.0934222e-06
986	1.4056149e-06
987	1.8398695e-06
988	1.1338432e-06
989	1.2527699e-06
990	1.4972602e-06
991	1.7804434e-06
992	1.3724286e-06
993	1.8336629e-06
994	1.0564677e-06
995	1.8282048e-06
996	1.5281717e-06
997	1.827652e-06
998	1.5001509e-06
999	1.748126e-06
1000	1.3368331e-06
1001	1.0003416e-06
1002	1.0266914e-06
1003	1.2303812e-06
1004	1.2469769e-06
1005	1.6763249e-06
1006	1.3755361e-06
1007	9.319745e-07
1008	9.9859523e-07
1009	1.278785e-06
1010	1.4900501e-06
1011	1.3256841e-06
1012	1.3829479e-06
1013	9.0920847e-07
1014	9.9554102e-07
1015	1.654953e-06
1016	1.4790426e-06
1017	1.346645e-06
1018	1.4013284e-06
1019	9.2427859e-07
1020	9.5786589e-07
1021	1.5234714e-06
1022	1.3323729e-06
1023	1.4626834e-06
1024	1.5264014e-06
1025	9.1272797e-07
1026	9.4592012e-07
1027	1.5707802e-06
1028	1.2940915e-06
1029	1.3690985e-06
1030	1.3538796e-06
1031	8.8669008e-07
1032	8.9863399e-07
1033	1.6191245e-06
1034	1.3076377e-06
1035	1.3733293e-06
1036	1.3286432e-06
1037	9.1245397e-07
1038	8.6275813e-07
1039	1.5224606e-06
1040	1.4540945e-06
1041	1.0747546e-06
1042	1.4649576e-06
1043	1.326499e-06
1044	1.1796385e-06
1045	9.2172732e-07
1046	8.6963206e-07
1047	1.6835238e-06
1048	1.3812278e-06
1049	1.643473e-06
1050	1.262191e-06
1051	9.6252275e-07
1052	1.6168633e-06
1053	1.4045633e-06
1054	1.3438004e-06
1055	1.6851612e-06
1056	1.5965178e-06
1057	1.661467e-06
1058	1.353279e-06
1059	9.8466341e-07
1060	1.3665152e-06
1061	1.6736907e-06
1062	1.3683504e-06
1063	1.6744966e-06
1064	1.3209609e-06
1065	9.8295681e-07
1066	1.3164228e-06
1067	9.9073168e-07
1068	1.3108445e-06
1069	9.9962413e-07
1070	1.3093256e-06
1071	1.0564089e-06
1072	1.1323139e-06
1073	1.3275585e-06
1074	1.2427206e-06
1075	1.62139e-06
1076	8.8399582e-07
1077	1.2072537e-06
1078	1.3798806e-06
1079	1.3338516e-06
1080	1.3044053e-06
1081	1.0917229e-06
1082	9.6181454e-07
1083	1.2039147e-06
1084	1.2906628e-06
1085	1.3859135e-06
1086	1.2844477e-06
1087	1.5165515e-06
1088	8.925918e-07
1089	1.2710525e-06
1090	1.1461893e-06
1091	1.375501e-06
1092	1.2346567e-06
1093	1.4410973e-06
1094	8.9512141e-07
1095	1.6102777e-06
1096	1.2398684e-06
1097	1.0579912e-06
1098	1.3044196e-06
1099	1.4515095e-06
1100	1.2526352e-06
1101	1.1326364e-06
1102	9.754258e-07
1103	1.1240829e-06
1104	1.126622e-06
1105	1.3627977e-06
1106	1.174964e-06
1107	1.4536696e-06
1108	9.081856e-07
1109	1.0458856e-06
1110	1.2898021e-06
1111	1.43936e-06
1112	1.2873012e-06
1113	1.3931363e-06
1114	1.457488e-06
1115	1.5469583e-06
1116	1.1252927e-06
1117	1.3781757e-06
1118	1.2269587e-06
1119	1.4780339e-06
1120	1.4183862e-06
1121	9.8252981e-07
1122	1.1220124e-06
1123	1.4949181e-06
1124	1.2715021e-06
1125	1.3806742e-06
1126	1.282328e-06
1127	1.2775497e-06
1128	1.1779479e-06
1129	1.5330447e-06
1130	1.1595413e-06
1131	1.2898791e-06
1132	1.2879711e-06
1133	1.4705441e-06
1134	1.1122218e-06
1135	1.3564988e-06
1136	1.2680876e-06
1137	1.3370664e-06
1138	1.2355773e-06
1139	1.3669024e-06
1140	9.3176511e-07
1141	1.1946308e-06
1142	1.159486e-06
1143	1.1448198e-06
1144	1.1067258e-06
1145	1.4169132e-06
1146	1.1425671e-06
1147	1.1149351e-06
1148	1.3673323e-06
1149	1.1055983e-06
1150	8.8078479e-07
1151	1.2920345e-06
1152	1.3081917e-06
1153	1.4337234e-06
1154	8.8834831e-07
1155	1.213899e-06
1156	1.3788712e-06
1157	1.0723201e-06
1158	8.8255278e-07
1159	1.0369087e-06
1160	1.1583795e-06
1161	1.0911503e-06
1162	1.0730232e-06
1163	1.0494683e-06
1164	1.3892698e-06
1165	1.3658645e-06
1166	1.0625712e-06
1167	1.2808165e-06
1168	1.3844356e-06
1169	7.6190209e-07
1170	8.0290745e-07
1171	1.4163733e-06
1172	1.1026739e-06
1173	1.3253657e-06
1174	1.2611204e-06
1175	1.0546611e-06
1176	1.0497192e-06
1177	1.0477475e-06
1178	8.2862568e-07
1179	1.2732011e-06
1180	1.231696e-06
1181	1.1422557e-06
1182	1.0794449e-06
1183	1.037248e-06
1184	8.1777678e-07
1185	1.3074617e-06
1186	1.2867372e-06
1187	8.9603326e-07
1188	1.0194328e-06
1189	1.2188221e-06
1190	9.904255e-07
1191	8.0424508e-07
1192	7.7526049e-07
1193	9.4849626e-07
1194	1.1329365e-06
1195	1.1967189e-06
1196	1.3177817e-06
1197	1.4144182e-06
1198	9.3058667e-07
1199	1.3334835e-06
1200	1.0127491e-06
1201	8.5086428e-07
1202	1.2923533e-06
1203	9.5148419e-07
1204	1.0170706e-06
1205	1.3169936e-06
1206	1.3304622e-06
1207	1.2619267e-06
1208	7.7906337e-07
1209	1.3249489e-06
1210	1.2147154e-06
1211	1.1816711e-06
1212	1.2906586e-06
1213	1.0245725e-06
1214	1.2715992e-06
1215	1.3331426e-06
1216	1.2090618e-06
1217	1.2730489e-06
1218	8.7049709e-07
1219	1.0251363e-06
1220	1.0261774e-06
1221	1.2085192e-06
1222	1.2444509e-06
1223	1.2806572e-06
1224	8.6918549e-07
1225	1.3138925e-06
1226	1.0641704e-06
1227	1.1088918e-06
1228	1.2279174e-06
1229	8.5854764e-07
1230	1.3013898e-06
1231	1.2553159e-06
1232	9.8108264e-07
1233	1.0588976e-06
1234	1.0960774e-06
1235	8.9583841e-07
1236	1.2288313e-06
1237	1.2204535e-06
1238	1.2874903e-06
1239	1.2045019e-06
1240	1.0012853e-06
1241	1.1637155e-06
1242	1.2590317e-06
1243	1.3084804e-06
1244	9.1305922e-07
1245	9.766117e-07
1246	1.115026e-06
1247	1.2102561e-06
1248	1.0483022e-06
1249	8.4656213e-07
1250	1.1563699e-06
1251	1.0476662e-06
1252	1.1317651e-06
1253	1.1351178e-06
1254	1.2091168e-06
1255	1.0955975e-06
1256	9.3662362e-07
1257	1.2329565e-06
1258	9.2767538e-07
1259	8.3294254e-07
1260	6.8435412e-07
1261	1.1870649e-06
1262	1.0085272e-06
1263	8.3476798e-07
1264	1.2416392e-06
1265	1.3340076e-06
1266	8.9559105e-07
1267	6.2479867e-07
1268	1.0852366e-06
1269	7.1991144e-07
1270	9.7096428e-07
1271	8.408269e-07
1272	8.9654415e-07
1273	1.1417809e-06
1274	1.0510348e-06
1275	1.0568473e-06
1276	9.4584234e-07
1277	1.155983e-06
1278	1.0796101e-06
1279	7.9053249e-07
1280	7.6428581e-07
1281	1.0658057e-06
1282	9.653335e-07
1283	1.0508806e-06
1284	9.9292921e-07
1285	1.1164152e-06
1286	1.0892556e-06
1287	1.0171931e-06
1288	1.0528142e-06
1289	9.9785552e-07
1290	8.7627504e-07
1291	1.2043388e-06
1292	9.1137315e-07
1293	1.2062877e-06
1294	9.1135722e-07
1295	1.1702628e-06
1296	1.1960508e-06
1297	8.8784425e-07
1298	1.0858796e-06
1299	1.0249064e-06
1300	1.2239571e-06
1301	6.7098642e-07
1302	1.0641919e-06
1303	1.176297e-06
1304	9.5560811e-07
1305	1.1028933e-06
1306	1.0464271e-06
1307	6.730842e-07
1308	1.0969416e-06
1309	1.1016848e-06
1310	9.451387e-07
1311	1.1505989e-06
1312	1.0439794e-06
1313	6.9308978e-07
1314	7.3373255e-07
1315	1.1908464e-06
1316	9.5416761e-07
1317	1.1814314e-06
1318	9.3330628e-07
1319	6.0414638e-07
1320	9.8567141e-07
1321	1.0854968e-06
1322	1.0133039e-06
1323	1.2911973e-06
1324	7.8794088e-07
1325	7.2323761e-07
1326	5.7811214e-07
1327	1.1311019e-06
1328	9.8059112e-07
1329	8.4008173e-07
1330	8.0261436e-07
1331	1.1041681e-06
1332	5.7083357e-07
1333	7.7456094e-07
1334	9.4456759e-07
1335	1.1342442e-06
1336	1.0904106e-06
1337	1.0251706e-06
1338	5.302025e-07
1339	8.7101135e-07
1340	9.5913612e-07
1341	1.1803845e-06
1342	7.4245471e-07
1343	1.093865e-06
1344	5.6166895e-07
1345	7.380523e-07
1346	9.9130708e-07
1347	1.1839246e-06
1348	7.0373536e-07
1349	1.0197881e-06
1350	5.368396e-07
1351	8.0588228e-07
1352	9.5320798e-07
1353	1.1053054e-06
1354	9.8054687e-07
1355	1.0194571e-06
1356	5.3118278e-07
1357	9.6329749e-07
1358	9.5286261e-07
1359	1.0441651e-06
1360	9.6846784e-07
1361	6.1991342e-07
1362	1.0772616e-06
1363	9.62672e-07
1364	9.1778068e-07
1365	1.1657291e-06
1366	1.1487206e-06
1367	1.0095326e-06
1368	5.2504036e-07
1369	8.1159828e-07
1370	8.977741e-07
1371	9.7223091e-07
1372	8.8261481e-07
1373	8.8814946e-07
1374	1.0343381e-06
1375	8.0707654e-07
1376	9.0858503e-07
1377	1.0022288e-06
1378	8.3135145e-07
1379	9.571548e-07
1380	1.0707575e-06
1381	6.9457765e-07
1382	8.85989e-07
1383	1.1097172e-06
1384	7.9866227e-07
1385	1.1271444e-06
1386	8.3736051e-07
1387	9.6646959e-07
1388	1.0848253e-06
1389	7.3499419e-07
1390	9.4181176e-07
1391	1.0306386e-06
1392	8.0661339e-07
1393	7.7221536e-07
1394	7.5597722e-07
1395	1.0042712e-06
1396	5.0603032e-07
1397	1.0157992e-06
1398	8.1307557e-07
1399	1.1186178e-06
1400	8.9708401e-07
1401	8.0785863e-07
1402	7.4570938e-07
1403	9.6071612e-07
1404	4.9404189e-07
1405	1.0614725e-06
1406	8.0195308e-07
1407	9.1788952e-07
1408	9.6954544e-07
1409	9.9698504e-07
1410	7.2611739e-07
1411	9.655804e-07
1412	6.8641203e-07
1413	7.328324e-07
1414	8.7322745e-07
1415	1.0939634e-06
1416	7.4877658e-07
1417	7.3336182e-07
1418	8.3621184e-07
1419	5.7368598e-07
1420	4.9546336e-07
1421	1.0552344e-06
1422	8.8286399e-07
1423	6.8894045e-07
1424	9.3253004e-07
1425	1.0221228e-06
1426	1.0516249e-06
1427	5.9860845e-07
1428	8.8190617e-07
1429	1.1277271e-06
1430	7.4727326e-07
1431	1.1305138e-06
1432	8.0870185e-07
1433	1.0807923e-06
1434	1.0098499e-06
1435	9.6489363e-07
1436	8.3850699e-07
1437	9.984998e-07
1438	8.094624e-07
1439	1.1218347e-06
1440	8.1689382e-07
1441	1.0984555e-06
1442	5.5689038e-07
1443	6.8167039e-07
1444	9.1580088e-07
1445	1.038193e-06
1446	7.1498548e-07
1447	1.0975955e-06
1448	7.0491833e-07
1449	9.9547997e-07
1450	5.144047e-07
1451	8.3972984e-07
1452	7.7405569e-07
1453	1.0358858e-06
1454	8.8692931e-07
1455	9.847486e-07
1456	1.0360714e-06
1457	7.179579e-07
1458	7.6211132e-07
1459	9.839875e-07
1460	8.8775089e-07
1461	9.6073969e-07
1462	1.0317236e-06
1463	9.8784499e-07
1464	8.240355e-07
1465	1.0912867e-06
1466	9.6907288e-07
1467	1.0486668e-06
1468	4.9263628e-07
1469	7.1414533e-07
1470	8.0284842e-07
1471	1.0289586e-06
1472	9.2024148e-07
1473	1.0337228e-06
1474	9.0983465e-07
1475	8.9612322e-07
1476	8.4565812e-07
1477	9.3676973e-07
1478	7.1479873e-07
1479	9.1037455e-07
1480	8.8615437e-07
1481	8.5314572e-07
1482	9.6043831e-07
1483	5.1751352e-07
1484	8.768643e-07
1485	9.8261972e-07
1486	8.2798591e-07
1487	1.0475201e-06
1488	8.6291321e-07
1489	1.0156186e-06
1490	7.0118063e-07
1491	8.2315066e-07
1492	8.1823156e-07
1493	5.850468e-07
1494	7.4335086e-07
1495	7.5233623e-07
1496	7.4372668e-07
1497	1.0429953e-06
1498	8.5493051e-07
1499	8.036549e-07
1500	7.5688122e-07
1501	1.0476209e-06
1502	6.9247685e-07
1503	1.0009256e-06
1504	8.9732502e-07
1505	1.0289498e-06
1506	7.7984314e-07
1507	1.0343564e-06
1508	7.9990132e-07
1509	9.57535e-07
1510	7.3724891e-07
1511	9.0508773e-07
1512	9.6206057e-07
1513	1.0166589e-06
1514	7.24245e-07
1515	1.0500994e-06
1516	9.9102315e-07
1517	7.9199242e-07
1518	8.514381e-07
1519	1.0499579e-06
1520	8.5075288e-07
1521	8.8667161e-07
1522	8.7961715e-07
1523	1.0279898e-06
1524	7.6673184e-07
1525	1.0443211e-06
1526	9.7488455e-07
1527	8.5539013e-07
1528	9.6834054e-07
1529	7.87551e-07
1530	7.8425508e-07
1531	8.6481914e-07
1532	8.1459997e-07
1533	8.2221676e-07
1534	8.8642431e-07
1535	9.6884491e-07
1536	7.9437348e-07
1537	8.9102974e-07
1538	9.2520196e-07
1539	1.001374e-06
1540	7.0123519e-07
1541	9.2389021e-07
1542	6.9696044e-07
1543	5.9337315e-07
1544	9.7336783e-07
1545	1.0424239e-06
1546	9.7287282e-07
1547	9.3947349e-07
1548	9.9772867e-07
1549	8.0843007e-07
1550	7.4114161e-07
1551	6.331877e-07
1552	7.2556307e-07
1553	9.577068e-07
1554	1.001092e-06
1555	8.7987988e-07
1556	9.5702853e-07
1557	9.277209e-07
1558	7.4807607e-07
1559	1.0368037e-06
1560	8.8871533e-07
1561	8.0441101e-07
1562	7.1458033e-07
1563	8.731489e-07
1564	7.2562843e-07
1565	1.0158036e-06
1566	9.7264272e-07
1567	7.4820125e-07
1568	8.4050412e-07
1569	9.0555172e-07
1570	6.810484e-07
1571	9.8766718e-07
1572	9.1027866e-07
1573	9.3852385e-07
1574	4.6416838e-07
1575	6.2556495e-07
1576	7.8489615e-07
1577	9.7656997e-07
1578	8.1661065e-07
1579	8.8631533e-07
1580	9.4761347e-07
1581	8.5446962e-07
1582	8.9716752e-07
1583	6.6741405e-07
1584	7.511249e-07
1585	9.082074e-07
1586	7.3758311e-07
1587	8.0306375e-07
