1	0.19331408
2	0.015674365
3	0.0093949551
4	0.0079148552
5	0.0061882415
6	0.0043560509
7	0.0038945519
8	0.0034583117
9	0.0030679219
10	0.0028156261
11	0.0026891021
12	0.0025320962
13	0.0024252679
14	0.0023375918
15	0.0022799803
16	0.002221842
17	0.0021874152
18	0.0021438358
19	0.0021347152
20	0.0021117
21	0.0021269592
22	0.0021079858
23	0.002151153
24	0.0021347199
25	0.0021782887
26	0.0021568323
27	0.0022012068
28	0.0021820987
29	0.0022127055
30	0.0021996378
31	0.0022317885
32	0.0022129428
33	0.0022595178
34	0.0022278856
35	0.0022707493
36	0.0022334015
37	0.0022933873
38	0.002244505
39	0.002312291
40	0.0022549329
41	0.0023010409
42	0.0022583774
43	0.0023448033
44	0.0022673553
45	0.0023408198
46	0.0022770347
47	0.002309781
48	0.0022699575
49	0.0023498924
50	0.002273924
51	0.0023625488
52	0.0022789097
53	0.0023752674
54	0.0022847298
55	0.0023928286
56	0.0023014245
57	0.0023400274
58	0.0022932721
59	0.0023507425
60	0.0022931
61	0.0023417028
62	0.0022899106
63	0.0023449518
64	0.0022883536
65	0.0023427047
66	0.0022794059
67	0.0023880991
68	0.0022908718
69	0.0023388296
70	0.002280719
71	0.0023379644
72	0.002269299
73	0.0023766174
74	0.0022777331
75	0.0023227363
76	0.0022617879
77	0.0023605748
78	0.0022663662
79	0.0022956486
80	0.0022460749
81	0.0023511983
82	0.0022531354
83	0.0023767541
84	0.0022673589
85	0.0023191164
86	0.0022540864
87	0.0023220252
88	0.002245597
89	0.0023548522
90	0.0022567164
91	0.0023180269
92	0.0022517709
93	0.0022837708
94	0.0022357286
95	0.0023545966
96	0.0022423834
97	0.0024393629
98	0.0022882247
99	0.0023199432
100	0.0022537789
101	0.002410638
102	0.0022836907
103	0.0023282815
104	0.0022613838
105	0.0024187647
106	0.0022836981
107	0.00232585
108	0.0022676372
109	0.0023386424
110	0.0022654258
111	0.0023224577
112	0.0022614834
113	0.0023205182
114	0.0022599692
115	0.0023128348
116	0.0022528193
117	0.0024292377
118	0.0022841782
119	0.0023191685
120	0.0022712516
121	0.0023310776
122	0.002263887
123	0.0024020326
124	0.0022842213
125	0.002318922
126	0.0022738598
127	0.0023361296
128	0.002269378
129	0.0024026801
130	0.0022821857
131	0.0023961003
132	0.0022879538
133	0.0024140268
134	0.0022935278
135	0.0024134354
136	0.0022951167
137	0.0025455031
138	0.0023297389
139	0.00243991
140	0.0023207651
141	0.0024792985
142	0.0023376896
143	0.0023529413
144	0.002312731
145	0.0024205975
146	0.0023127587
147	0.002421169
148	0.002315569
149	0.0024209813
150	0.0023178119
151	0.0024202603
152	0.0023192558
153	0.002445781
154	0.0023240583
155	0.0024303426
156	0.0023255529
157	0.002433401
158	0.0023257674
159	0.0024327066
160	0.0023255862
161	0.002427087
162	0.0023253386
163	0.0024378909
164	0.0023257334
165	0.0024179745
166	0.0023230979
167	0.0024439147
168	0.0023255111
169	0.0024358924
170	0.0023277825
171	0.0024066383
172	0.0023212373
173	0.0024240573
174	0.0023212276
175	0.0024694468
176	0.0023286205
177	0.0024524838
178	0.0023423677
179	0.0023495729
180	0.0023157065
181	0.0024465507
182	0.0023204319
183	0.0024358805
184	0.0023353662
185	0.0023419457
186	0.002309381
187	0.0024593117
188	0.0023187626
189	0.0024232411
190	0.0023189893
191	0.0024360154
192	0.0023305617
193	0.0023310126
194	0.0023021212
195	0.0023301892
196	0.0022857891
197	0.0023851195
198	0.0022881406
199	0.0023940731
200	0.0022920873
201	0.0023895901
202	0.0022914791
203	0.0023902895
204	0.0022876143
205	0.0023923107
206	0.0022848259
207	0.0023876104
208	0.0022805908
209	0.0023812516
210	0.0022747088
211	0.002376053
212	0.0022682385
213	0.0023789454
214	0.0022724204
215	0.0022733876
216	0.0022423354
217	0.0023492932
218	0.0022348643
219	0.0023350092
220	0.0022372054
221	0.0022398096
222	0.0022810228
223	0.0023923996
224	0.0022433393
225	0.0022951683
226	0.0021942865
227	0.0022911875
228	0.0021886535
229	0.0022901579
230	0.0021889706
231	0.0021880378
232	0.0021561368
233	0.0022421697
234	0.0021452495
235	0.0022489682
236	0.0021530041
237	0.0021516808
238	0.0021212961
239	0.0022034241
240	0.0021101556
241	0.0022069949
242	0.002105355
243	0.0021988424
244	0.0020990059
245	0.0021944015
246	0.0020912358
247	0.0021818855
248	0.0020819117
249	0.0021810656
250	0.0020735896
251	0.0021691991
252	0.0020643265
253	0.002158265
254	0.0020544927
255	0.0021528018
256	0.0020541102
257	0.0020526268
258	0.0020213549
259	0.0021033173
260	0.0020122042
261	0.0021123432
262	0.002017719
263	0.0020181369
264	0.0019897992
265	0.0020622506
266	0.0019804132
267	0.0020717369
268	0.0019769921
269	0.0020688923
270	0.0019723976
271	0.0020636865
272	0.0019658363
273	0.0020580974
274	0.0019587695
275	0.00205203
276	0.0019517323
277	0.0020450214
278	0.0019446303
279	0.0020405699
280	0.0019376413
281	0.0020274434
282	0.0019294524
283	0.0020239695
284	0.0019218852
285	0.0020164234
286	0.0019137174
287	0.002011014
288	0.0019060098
289	0.0019991578
290	0.001897533
291	0.0019886465
292	0.0018888496
293	0.0019833398
294	0.0018810531
295	0.0019749149
296	0.0018730697
297	0.0019687673
298	0.0018652712
299	0.0019604966
300	0.0018577483
301	0.0019536955
302	0.0018501906
303	0.0019490649
304	0.0018429798
305	0.0019375345
306	0.0018348233
307	0.001931906
308	0.0018267084
309	0.0019218555
310	0.0018182307
311	0.0019181566
312	0.0018108317
313	0.0019050682
314	0.0018024207
315	0.0018973283
316	0.0017939329
317	0.0018868114
318	0.0017857736
319	0.0018774217
320	0.0017773316
321	0.0018704018
322	0.0017710155
323	0.0018510076
324	0.0017595848
325	0.0018493213
326	0.0017513356
327	0.0018421743
328	0.0017439529
329	0.0018304392
330	0.0017354093
331	0.0018235976
332	0.0017269377
333	0.0018145969
334	0.00171854
335	0.0018020244
336	0.0017092769
337	0.0017935444
338	0.0017004207
339	0.0017867564
340	0.001696636
341	0.0017472586
342	0.0016849526
343	0.0016866754
344	0.001658983
345	0.0017341277
346	0.0016507349
347	0.001741306
348	0.0016473626
349	0.0017342604
350	0.0016466817
351	0.0016588708
352	0.001618526
353	0.0016394764
354	0.0015982089
355	0.001690157
356	0.0016034206
357	0.0016835117
358	0.0015950176
359	0.0016722493
360	0.0015853787
361	0.0016777755
362	0.0015790793
363	0.0016720459
364	0.0015724443
365	0.00166589
366	0.0015653991
367	0.0016524088
368	0.0015570877
369	0.0016489346
370	0.0015495356
371	0.0016455258
372	0.0015508666
373	0.0015449877
374	0.0015221835
375	0.0015817693
376	0.0015123423
377	0.0016028871
378	0.0015185235
379	0.0015133895
380	0.0014943122
381	0.0015119251
382	0.001478454
383	0.0015601722
384	0.0014782035
385	0.0015718019
386	0.0014868804
387	0.0014834031
388	0.0014627086
389	0.0015313844
390	0.0014574713
391	0.0015490435
392	0.0014653443
393	0.001461873
394	0.0014425362
395	0.0015044286
396	0.0014387954
397	0.0015017943
398	0.0014394408
399	0.0014417924
400	0.0014221814
401	0.0014404961
402	0.0014103709
403	0.0014950214
404	0.0014125034
405	0.0015023753
406	0.0014212769
407	0.0014189035
408	0.0014001584
409	0.0014607031
410	0.0013953076
411	0.001484684
412	0.0014037446
413	0.0014012836
414	0.0013836506
415	0.0014415218
416	0.0013791649
417	0.0014600963
418	0.0013800095
419	0.0014573966
420	0.0013785281
421	0.0014567702
422	0.0013755594
423	0.0014634588
424	0.0013808361
425	0.001377251
426	0.0013610014
427	0.0013787019
428	0.0013483703
429	0.0014249463
430	0.0013481407
431	0.0014346541
432	0.0013563706
433	0.0013532634
434	0.0013369266
435	0.0013924722
436	0.0013311918
437	0.001407639
438	0.0013304061
439	0.0014146864
440	0.0013367444
441	0.0013308102
442	0.0013158732
443	0.00136918
444	0.0013098249
445	0.0013966862
446	0.0013171161
447	0.0013137599
448	0.0012987092
449	0.0013535961
450	0.0012935805
451	0.0013820007
452	0.0013008177
453	0.0012974712
454	0.0012823696
455	0.0013439359
456	0.0012782725
457	0.0013627607
458	0.0012850273
459	0.0012822363
460	0.0012671199
461	0.0013227884
462	0.0012626296
463	0.0013482126
464	0.0012701823
465	0.0012672536
466	0.0012523283
467	0.0013115366
468	0.0012486322
469	0.0013359976
470	0.0012562913
471	0.0012530457
472	0.001238948
473	0.0012591606
474	0.0012273403
475	0.0013222299
476	0.001237414
477	0.0012340157
478	0.0012209244
479	0.0012596582
480	0.0012133651
481	0.0012932063
482	0.0012191561
483	0.0012170764
484	0.0012038183
485	0.001232246
486	0.0011943207
487	0.0012880876
488	0.0012041557
489	0.0012005848
490	0.0011876254
491	0.0012039903
492	0.0011762281
493	0.0012628202
494	0.0011849157
495	0.0011812655
496	0.0011689293
497	0.001204846
498	0.0011617554
499	0.001233789
500	0.0011664616
501	0.0011644603
502	0.0011520801
503	0.0011716887
504	0.0011415637
505	0.0012246602
506	0.0011501936
507	0.0011458239
508	0.0011337993
509	0.0011668568
510	0.0011265933
511	0.0011987666
512	0.001131897
513	0.0011284065
514	0.0011163859
515	0.0011297819
516	0.0011051402
517	0.0011855877
518	0.0011145818
519	0.0011082428
520	0.0010925671
521	0.001119212
522	0.0010882446
523	0.0011606716
524	0.0010949407
525	0.0010899295
526	0.0010745711
527	0.0010917232
528	0.0010640062
529	0.0011444149
530	0.0010764724
531	0.0010698242
532	0.0010547703
533	0.0010792965
534	0.0010498369
535	0.0011185044
536	0.0010560484
537	0.0010508145
538	0.0010356355
539	0.0010682641
540	0.0010324054
541	0.0010924576
542	0.001035852
543	0.0010273539
544	0.0010162927
545	0.0010264078
546	0.0010054974
547	0.0010758226
548	0.0010176633
549	0.0010064435
550	0.00099619906
551	0.0010153591
552	0.00098836192
553	0.0010543948
554	0.00099866712
555	0.00098777377
556	0.00097753798
557	0.001004354
558	0.0009705351
559	0.001032789
560	0.00097874524
561	0.00096887892
562	0.00095789087
563	0.00096817603
564	0.00094614875
565	0.0010130418
566	0.00095688114
567	0.00094552023
568	0.00093543324
569	0.00096178935
570	0.00092823311
571	0.00098891579
572	0.0009350807
573	0.00092576912
574	0.00091543133
575	0.000933553
576	0.00090532849
577	0.00097071577
578	0.00091374663
579	0.00090428125
580	0.00089413566
581	0.00091760253
582	0.00088512489
583	0.00094757391
584	0.00089167534
585	0.00088275623
586	0.00087273524
587	0.00089393586
588	0.00086299205
589	0.00092767641
590	0.00087043047
591	0.0008613175
592	0.00084864734
593	0.00085876635
594	0.00083907199
595	0.00090522526
596	0.0008491691
597	0.0008387681
598	0.00082647307
599	0.00084514251
600	0.00081952852
601	0.00087760723
602	0.00082711303
603	0.00081602948
604	0.00080580606
605	0.00082647387
606	0.00079970165
607	0.00086030155
608	0.00080855201
609	0.00079705354
610	0.0007868367
611	0.00081105862
612	0.0007813083
613	0.0008366123
614	0.00078859224
615	0.00077776005
616	0.0007675354
617	0.00077663097
618	0.00075916764
619	0.00082298873
620	0.0007704397
621	0.00075714213
622	0.00074785172
623	0.00076333251
624	0.00074195933
625	0.00080117206
626	0.0007523742
627	0.00073997514
628	0.00073082355
629	0.00074749112
630	0.00072515541
631	0.00077642829
632	0.00073381662
633	0.00072170383
634	0.0007131302
635	0.00072451057
636	0.00070641094
637	0.00076098725
638	0.00071699847
639	0.00070386124
640	0.00069550779
641	0.00071709568
642	0.00069101942
643	0.00074087894
644	0.00069881476
645	0.00068804114
646	0.00067915399
647	0.00069473666
648	0.00067302486
649	0.00072501881
650	0.00068229744
651	0.00067085317
652	0.00066192084
653	0.00067896322
654	0.00065661863
655	0.00069939733
656	0.00065724249
657	0.00065317849
658	0.00064496095
659	0.00065802793
660	0.00063642029
661	0.00068362977
662	0.00064065363
663	0.00063646099
664	0.00062829058
665	0.00064073665
666	0.00062025434
667	0.00066522345
668	0.00062380931
669	0.00062017996
670	0.00061200243
671	0.00062322672
672	0.00060372213
673	0.00065025519
674	0.00060776844
675	0.00060419224
676	0.00059602301
677	0.00060696939
678	0.00058764284
679	0.0006308482
680	0.00059088915
681	0.00058802296
682	0.00058003897
683	0.00058975829
684	0.00057165665
685	0.00061278713
686	0.00057467452
687	0.00057225733
688	0.00056453171
689	0.00057390994
690	0.00055626473
691	0.00059792908
692	0.00055931391
693	0.00055720289
694	0.00054970995
695	0.00055792247
696	0.00054096198
697	0.00059456956
698	0.00055123161
699	0.0005439847
700	0.00053652143
701	0.00054627349
702	0.00052733059
703	0.00056274234
704	0.00052834908
705	0.00052747536
706	0.00052045895
707	0.00052624561
708	0.00051158425
709	0.00055191008
710	0.00051439935
711	0.00051266052
712	0.00050617032
713	0.00051334556
714	0.00049750527
715	0.0005298936
716	0.00049815682
717	0.00049764928
718	0.00049149394
719	0.00049614848
720	0.00048316508
721	0.00051501377
722	0.0004841425
723	0.0004834154
724	0.00047747862
725	0.00048251881
726	0.00046953373
727	0.00049946608
728	0.00047041782
729	0.00046989789
730	0.00046400216
731	0.00046842686
732	0.00045616793
733	0.00048443447
734	0.00045706365
735	0.00045670364
736	0.00045091897
737	0.00045440003
738	0.00044338012
739	0.000472427
740	0.00044499062
741	0.00044448641
742	0.0004388382
743	0.00044517196
744	0.00043186298
745	0.00045581157
746	0.00043210718
747	0.00043234089
748	0.00042692811
749	0.00043054569
750	0.00041970083
751	0.00044572949
752	0.00042104957
753	0.00042077578
754	0.0004153025
755	0.00042130736
756	0.00040886731
757	0.00043165436
758	0.0004093643
759	0.00040937028
760	0.00040401244
761	0.00040730002
762	0.00039743759
763	0.00042278853
764	0.00039908895
765	0.00039852854
766	0.00039333517
767	0.00039694852
768	0.00038695148
769	0.00040971318
770	0.00038807278
771	0.00038766853
772	0.00038259881
773	0.00038596681
774	0.00037658842
775	0.00040030206
776	0.00037822144
777	0.00037777539
778	0.00037273253
779	0.00037623035
780	0.00036677699
781	0.00038625637
782	0.00036746167
783	0.00036700901
784	0.00036226411
785	0.00036512651
786	0.00035686515
787	0.00037646054
788	0.00035780877
789	0.0003573677
790	0.00035287175
791	0.0003576463
792	0.00034801061
793	0.00036422714
794	0.00034788693
795	0.00034807439
796	0.00034356812
797	0.00034617115
798	0.00033841754
799	0.00035732204
800	0.00033961114
801	0.00033915345
802	0.00033488284
803	0.00033815119
804	0.00033001672
805	0.00034813741
806	0.00033120973
807	0.00033064713
808	0.00032664449
809	0.00033040251
810	0.00032222871
811	0.00033826371
812	0.00032292373
813	0.00032255005
814	0.00031866995
815	0.00032101797
816	0.00031418682
817	0.00032813806
818	0.0003145073
819	0.00031409288
820	0.00031065881
821	0.00031920288
822	0.00030779556
823	0.00032303462
824	0.00030844702
825	0.00030767198
826	0.00030395009
827	0.00030469238
828	0.00029962231
829	0.00031867164
830	0.00030127587
831	0.00029986566
832	0.00029740519
833	0.00030031151
834	0.00029299102
835	0.00030988339
836	0.00029395017
837	0.00029328522
838	0.00028981761
839	0.00029405372
840	0.00028617827
841	0.00030335473
842	0.00028659184
843	0.00028726306
844	0.0002838522
845	0.00028479057
846	0.0002795127
847	0.00029790779
848	0.00028012637
849	0.00028077402
850	0.00027770877
851	0.00028087097
852	0.00027362043
853	0.00028673
854	0.00027309372
855	0.00029029217
856	0.00027390514
857	0.00027371891
858	0.0002704357
859	0.000271816
860	0.0002649716
861	0.00028429757
862	0.00026623154
863	0.00026715556
864	0.00026377609
865	0.00026472297
866	0.00025823135
867	0.00027934667
868	0.00026042192
869	0.00026111453
870	0.00025749543
871	0.00026278556
872	0.00025378934
873	0.00026327512
874	0.00025261927
875	0.00026743546
876	0.00025272072
877	0.00025299452
878	0.00024971219
879	0.00025279051
880	0.00024588321
881	0.00026288303
882	0.00024681752
883	0.00024744905
884	0.00024407271
885	0.00024812376
886	0.00024067524
887	0.00025542602
888	0.00024114561
889	0.00024183938
890	0.00023860702
891	0.00024319833
892	0.00023571703
893	0.00024783647
894	0.00023568437
895	0.00023630029
896	0.00023332824
897	0.00023650607
898	0.00023060306
899	0.00024800751
900	0.00023255048
901	0.00023272294
902	0.000229459
903	0.00023249838
904	0.00022649527
905	0.00024023516
906	0.00022718463
907	0.00022760882
908	0.00022461799
909	0.00022676804
910	0.00022196225
911	0.00023322186
912	0.00022235873
913	0.00022270659
914	0.00021998214
915	0.00022425708
916	0.00021738793
917	0.0002272637
918	0.00021807596
919	0.00021830435
920	0.00021588299
921	0.00021875573
922	0.00021327033
923	0.000227126
924	0.00021552688
925	0.00021554224
926	0.00021272438
927	0.00021460153
928	0.00020974597
929	0.00022039429
930	0.00021088741
931	0.00021931216
932	0.00021087219
933	0.00021763613
934	0.00020933852
935	0.00021873004
936	0.00020892408
937	0.00020861667
938	0.00020639949
939	0.00020863321
940	0.00020382157
941	0.00021763491
942	0.00020591797
943	0.00020571665
944	0.00020318203
945	0.00020742458
946	0.00020157529
947	0.00021035364
948	0.0002017628
949	0.00020182418
950	0.00019945413
951	0.0002027465
952	0.00019740508
953	0.00020692314
954	0.00019856884
955	0.00019863061
956	0.00019640369
957	0.00019981759
958	0.00019519121
959	0.00020514883
960	0.00019605532
961	0.00019627929
962	0.00019398349
963	0.00019647524
964	0.00019183594
965	0.00020404146
966	0.00019377384
967	0.00019448849
968	0.00019163717
969	0.00019329404
970	0.00018961348
971	0.00020102929
972	0.00019100847
973	0.00019196876
974	0.00018916179
975	0.00019051424
976	0.00018718903
977	0.00019931496
978	0.00018882854
979	0.00018958798
980	0.00018704562
981	0.00018828656
982	0.00018499713
983	0.00019787931
984	0.00018686292
985	0.00018778514
986	0.00018498161
987	0.00018639989
988	0.00018305666
989	0.00019468417
990	0.00018459833
991	0.00018547948
992	0.00018294579
993	0.00018726693
994	0.0001814787
995	0.00018915608
996	0.00018221191
997	0.00019273195
998	0.00018354941
999	0.00018356874
1000	0.00018110051
1001	0.00018374537
1002	0.00017903255
1003	0.0001900654
1004	0.00018100394
1005	0.00018187872
1006	0.00017915331
1007	0.00018169629
1008	0.00017698449
1009	0.00018863895
1010	0.00017860343
1011	0.00017980608
1012	0.00017735695
1013	0.00017832445
1014	0.00017497376
1015	0.000187504
1016	0.00017664043
1017	0.00017797596
1018	0.0001755536
1019	0.00017781583
1020	0.00017333037
1021	0.00018451455
1022	0.00017462641
1023	0.00017633208
1024	0.00017416476
1025	0.00017457182
1026	0.00017135615
1027	0.00018199078
1028	0.00017232948
1029	0.00017412173
1030	0.00017169947
1031	0.00017249239
1032	0.00016940368
1033	0.00018045629
1034	0.00017063461
1035	0.00017250071
1036	0.00016996648
1037	0.00017128924
1038	0.00016771444
1039	0.00017750102
1040	0.00016920261
1041	0.00017788821
1042	0.00017004902
1043	0.00017058657
1044	0.00016807949
1045	0.00016906645
1046	0.00016587992
1047	0.00017702248
1048	0.00016714767
1049	0.00016882564
1050	0.00016636981
1051	0.00016834032
1052	0.00016423089
1053	0.00017261874
1054	0.00016530514
1055	0.00017094472
1056	0.00016567315
1057	0.00017092466
1058	0.00016491386
1059	0.00017070021
1060	0.00016463289
1061	0.00016983765
1062	0.00016421732
1063	0.00016886818
1064	0.00016353471
1065	0.00016888959
1066	0.00016323043
1067	0.00016858307
1068	0.0001629306
1069	0.00016833982
1070	0.00016268165
1071	0.00016892153
1072	0.00016277152
1073	0.00016330147
1074	0.00016172918
1075	0.00016303354
1076	0.00015927948
1077	0.00016682558
1078	0.00015982909
1079	0.0001610974
1080	0.00015941238
1081	0.00016381079
1082	0.00015810105
1083	0.00016584029
1084	0.00015886799
1085	0.00015996509
1086	0.00015797047
1087	0.00015768806
1088	0.00015568881
1089	0.00016476794
1090	0.00015698153
1091	0.00015801743
1092	0.00015612883
1093	0.00015588476
1094	0.00015403493
1095	0.00016367781
1096	0.00015540312
1097	0.00016248875
1098	0.00015622409
1099	0.00015655467
1100	0.0001544989
1101	0.00015920471
1102	0.00015305445
1103	0.00015966383
1104	0.0001536251
1105	0.00015458159
1106	0.00015276238
1107	0.00015282003
1108	0.0001509225
1109	0.00016206043
1110	0.00015555289
1111	0.00015356169
1112	0.00015153181
1113	0.00015191817
1114	0.00014943468
1115	0.00015952418
1116	0.00015114153
1117	0.00015189597
1118	0.00014994225
1119	0.00015161562
1120	0.0001481658
1121	0.00015386921
1122	0.00014864807
1123	0.00015440623
1124	0.0001492687
1125	0.0001525427
1126	0.00014847155
1127	0.00015142038
1128	0.000147522
1129	0.00015368031
1130	0.00014780927
1131	0.00015035581
1132	0.00014698814
1133	0.00015274669
1134	0.00014693395
1135	0.00015140114
1136	0.00014679975
1137	0.00015114764
1138	0.00014638217
1139	0.00015130334
1140	0.00014646135
1141	0.00014665767
1142	0.00014538019
1143	0.00015373653
1144	0.00014753475
1145	0.00015133515
1146	0.0001459197
1147	0.00014609845
1148	0.00014409079
1149	0.0001515025
1150	0.00014392392
1151	0.00014662012
1152	0.00014363104
1153	0.00015003781
1154	0.00014598109
1155	0.0001442327
1156	0.00014250611
1157	0.00014920661
1158	0.00014219215
1159	0.00015017329
1160	0.00014365228
1161	0.00014346282
1162	0.00014173929
1163	0.00014756848
1164	0.00014080702
1165	0.00014703848
1166	0.00014158556
1167	0.00014181861
1168	0.00014037724
1169	0.00014067152
1170	0.00013878237
1171	0.00014744556
1172	0.00013994591
1173	0.00014712419
1174	0.00014130479
1175	0.00014090131
1176	0.00013915069
1177	0.000144257
1178	0.00013814738
1179	0.00014743603
1180	0.00014017467
1181	0.00014016222
1182	0.00013878826
1183	0.00014287939
1184	0.0001370287
1185	0.00013932396
1186	0.00013687492
1187	0.00014300582
1188	0.00013697926
1189	0.00013743561
1190	0.00013623516
1191	0.00013738351
1192	0.00013491359
1193	0.00014024125
1194	0.00013524958
1195	0.00013906827
1196	0.00013562127
1197	0.00014195067
1198	0.0001383732
1199	0.00013612203
1200	0.00013479451
1201	0.00013883001
1202	0.00013379507
1203	0.00013992757
1204	0.00013456051
1205	0.00013505902
1206	0.00013368324
1207	0.00013411639
1208	0.00013226343
1209	0.00014058952
1210	0.00013392059
1211	0.00013879976
1212	0.00013450585
1213	0.00013425757
1214	0.00013256478
1215	0.00013392693
1216	0.00013099725
1217	0.00013929999
1218	0.00013502671
1219	0.00013316399
1220	0.00013185025
1221	0.00013212891
1222	0.00012999199
1223	0.00013795256
1224	0.00013355897
1225	0.00013188469
1226	0.00013071078
1227	0.00013061907
1228	0.00012891645
1229	0.00013836484
1230	0.00013358208
1231	0.00013707571
1232	0.00013485103
1233	0.00013143938
1234	0.00013008082
1235	0.00013433923
1236	0.00012869112
1237	0.00013400484
1238	0.00012976404
1239	0.00013453749
1240	0.00013005757
1241	0.00013351927
1242	0.00012939926
1243	0.00013503202
1244	0.00012983543
1245	0.00012952257
1246	0.00012851067
1247	0.00013045809
1248	0.00012646128
1249	0.00013472208
1250	0.00012803364
1251	0.0001313597
1252	0.00012836328
1253	0.00013202613
1254	0.00012762702
1255	0.00013243667
1256	0.00012774945
1257	0.00013369813
1258	0.00013002718
1259	0.00012838193
1260	0.0001299427
1261	0.00012863795
1262	0.00012436425
1263	0.0001329296
1264	0.00012626029
1265	0.00013403752
1266	0.00013001973
1267	0.00012846589
1268	0.00012556032
1269	0.00012649673
1270	0.00012315504
1271	0.00013246074
1272	0.00012741917
1273	0.0001264388
1274	0.00012390772
1275	0.00012445022
1276	0.0001218969
1277	0.00013235716
1278	0.00012665397
1279	0.00012647395
1280	0.00012348628
1281	0.0001235077
1282	0.00012096659
1283	0.00012908248
1284	0.00012440357
1285	0.00012413398
1286	0.00012183929
1287	0.0001219149
1288	0.00011990623
1289	0.00012740238
1290	0.00012199146
1291	0.00012905522
1292	0.00012584381
1293	0.00012589
1294	0.00012097189
1295	0.00012653065
1296	0.00012014219
1297	0.00012498223
1298	0.0001209912
1299	0.00012811741
1300	0.00012404598
1301	0.00012430238
1302	0.00012043293
1303	0.00012201806
1304	0.00011841185
1305	0.00012734695
1306	0.00012248354
1307	0.00012330514
1308	0.0001193399
1309	0.00012056502
1310	0.00011738478
1311	0.00012694624
1312	0.00012222068
1313	0.00012285732
1314	0.00011880769
1315	0.00012076195
1316	0.0001166164
1317	0.0001237622
1318	0.00011825741
1319	0.00012067933
1320	0.00011716947
1321	0.00011840371
1322	0.00011556069
1323	0.00013015482
1324	0.00012141468
1325	0.00012231544
1326	0.00011891932
1327	0.00011808938
1328	0.00011502824
1329	0.0001297319
1330	0.00012077281
1331	0.00011924611
1332	0.00011822405
1333	0.00011836979
1334	0.00011443791
1335	0.00012342885
1336	0.00011904409
1337	0.00011775476
1338	0.0001169515
1339	0.00011820159
1340	0.00011381545
1341	0.0001265006
1342	0.00011883566
1343	0.00011987016
1344	0.00011665359
1345	0.0001164
1346	0.00011291187
1347	0.00012262055
1348	0.00011778893
1349	0.00011636843
1350	0.00011564397
1351	0.00011716791
1352	0.00011252866
1353	0.00012107116
1354	0.00011679823
1355	0.00011568179
1356	0.0001149368
1357	0.00011525368
1358	0.00011159026
1359	0.00011971871
1360	0.00011564968
1361	0.00011623785
1362	0.00011365649
1363	0.00011447381
1364	0.00011081187
1365	0.00012344357
1366	0.00011568519
1367	0.00011457063
1368	0.00011359036
1369	0.00011537158
1370	0.0001105189
1371	0.00011747104
1372	0.00011220712
1373	0.0001129277
1374	0.0001122384
1375	0.00011443834
1376	0.00010976108
1377	0.00011734239
1378	0.0001140816
1379	0.0001126518
1380	0.00011184585
1381	0.00011178259
1382	0.00010868329
1383	0.00011735527
1384	0.00011421226
1385	0.00011687666
1386	0.0001145209
1387	0.00011194707
1388	0.00011126004
1389	0.00011107454
1390	0.0001081531
1391	0.00011543925
1392	0.00011011294
1393	0.00011670462
1394	0.00011351913
1395	0.00011151087
1396	0.00011075186
1397	0.00011255422
1398	0.00010777317
1399	0.00011400906
1400	0.00010934019
1401	0.00011652949
1402	0.0001128545
1403	0.00011074617
1404	0.0001101002
1405	0.00011246483
1406	0.00010722566
1407	0.00011365367
1408	0.00010913228
1409	0.00011556909
1410	0.00011228
1411	0.00011026882
1412	0.00010861182
1413	0.00010939192
1414	0.00010622342
1415	0.00011470613
1416	0.00010863605
1417	0.00011902072
1418	0.00011285865
1419	0.00011083484
1420	0.00010886748
1421	0.00010986153
1422	0.00010599937
1423	0.00011521303
1424	0.00010997746
1425	0.00010912839
1426	0.00010771317
1427	0.00010760023
1428	0.00010492341
1429	0.00011358969
1430	0.00010998708
1431	0.00011382483
1432	0.00011081054
1433	0.00011170944
1434	0.00010701292
1435	0.00010820267
1436	0.00010439344
1437	0.00011170624
1438	0.00010654029
1439	0.00011290251
1440	0.00010977666
1441	0.00011095605
1442	0.00010755586
1443	0.000106502
1444	0.00010371219
1445	0.00011032
1446	0.00010514697
1447	0.00011145033
1448	0.00010834573
1449	0.00010936849
1450	0.00010636145
1451	0.00010729795
1452	0.00010308376
1453	0.00011071408
1454	0.00010651536
1455	0.00010807528
1456	0.00010435309
1457	0.00010600496
1458	0.00010228049
1459	0.00010959341
1460	0.00010570615
1461	0.00010726139
1462	0.00010371054
1463	0.00010468837
1464	0.00010168117
1465	0.00011044696
1466	0.00010606447
1467	0.00010754409
1468	0.00010479164
1469	0.00010509792
1470	0.00010140411
1471	0.00010908714
1472	0.00010507304
1473	0.00010678573
1474	0.00010300479
1475	0.0001029595
1476	0.00010081879
1477	0.00010710264
1478	0.00010273288
1479	0.00010567025
1480	0.00010359393
1481	0.00010656024
1482	0.00010419175
1483	0.00010462598
1484	0.00010157861
1485	0.00010289953
1486	0.00010040908
1487	0.00010817974
1488	0.00010545105
1489	0.00010690174
1490	0.00010364179
1491	0.0001033696
1492	0.00010160567
1493	0.0001057375
1494	0.00010005417
1495	0.00011305678
1496	0.00010540277
1497	0.00010438165
1498	0.0001016674
1499	0.00010354249
1500	9.9658678e-05
1501	0.00011283685
1502	0.00010492778
1503	0.00010389236
1504	0.00010099649
1505	0.00010542528
1506	0.00010039844
1507	0.00010535154
1508	0.0001017263
1509	0.00010797928
1510	0.0001044541
1511	0.00010269331
1512	0.00010183708
1513	0.00010325746
1514	9.9136617e-05
1515	0.00010996774
1516	0.00010177385
1517	0.00010337843
1518	0.00010210291
1519	0.00010820591
1520	0.00010300532
1521	0.0001021283
1522	0.00010396521
1523	0.00010330436
1524	9.8761522e-05
1525	0.00010923843
1526	0.00010221865
1527	0.00010138052
1528	0.00010095725
1529	0.00010439468
1530	9.8423605e-05
1531	0.00010647449
1532	0.00010106523
1533	0.00010080618
1534	0.00010007725
1535	0.00010106288
1536	9.782193e-05
1537	0.00010681108
1538	0.00010104032
1539	0.00010032239
1540	9.8633495e-05
1541	0.00010072315
1542	9.7540986e-05
1543	0.00010454375
1544	9.9251787e-05
1545	0.00010673847
1546	0.00010236563
1547	0.00010114446
1548	0.00010026437
1549	0.00010102255
1550	9.7326586e-05
1551	0.00010468333
1552	9.9072315e-05
1553	0.00010545777
1554	0.00010162034
1555	0.00010036318
1556	9.962805e-05
1557	9.9371945e-05
1558	9.6845483e-05
1559	0.00010732046
1560	0.0001004874
1561	9.9647803e-05
1562	9.7882426e-05
1563	9.8871317e-05
1564	9.6400204e-05
1565	0.00010670275
1566	0.00010110583
1567	0.00010047293
1568	9.9494158e-05
1569	0.00010294908
1570	0.00010120719
1571	0.0001048975
1572	0.00010067067
1573	9.9914186e-05
1574	9.9359273e-05
1575	9.9676989e-05
1576	9.6286745e-05
1577	0.00010236775
1578	9.7616422e-05
1579	0.00010205908
1580	0.00010005123
1581	9.8981155e-05
1582	9.8086039e-05
1583	9.8311475e-05
1584	9.5583813e-05
1585	0.0001012842
1586	9.7377369e-05
1587	9.9084836e-05
