1	0.78799497
2	0.8384442
3	0.35659127
4	0.28821724
5	0.20145211
6	0.11054056
7	0.080362671
8	0.062755495
9	0.048166805
10	0.038914278
11	0.032198611
12	0.02719143
13	0.023782291
14	0.021289944
15	0.019506612
16	0.018258817
17	0.017526526
18	0.017003684
19	0.016716809
20	0.016508222
21	0.016456688
22	0.016550151
23	0.016551074
24	0.016651011
25	0.01647016
26	0.016515903
27	0.016354192
28	0.016422887
29	0.016370939
30	0.016489609
31	0.016472818
32	0.016615299
33	0.016657373
34	0.016943964
35	0.016785756
36	0.01695196
37	0.016945706
38	0.017124923
39	0.017094055
40	0.017250593
41	0.017208703
42	0.017309596
43	0.017484579
44	0.017441407
45	0.017413562
46	0.017404075
47	0.017398636
48	0.017418296
49	0.01778621
50	0.017386726
51	0.017598111
52	0.017399401
53	0.01758098
54	0.017354353
55	0.017563288
56	0.017267321
57	0.017351338
58	0.017286837
59	0.017753718
60	0.017341699
61	0.017591978
62	0.017267276
63	0.017592017
64	0.017215934
65	0.017486866
66	0.017270097
67	0.017590557
68	0.017250351
69	0.016950029
70	0.016959128
71	0.01719307
72	0.016877302
73	0.017137663
74	0.016910114
75	0.016458728
76	0.016403316
77	0.016871413
78	0.016645245
79	0.016180494
80	0.016072435
81	0.016635222
82	0.016246513
83	0.016071313
84	0.016232909
85	0.015561975
86	0.015644693
87	0.01579478
88	0.015568164
89	0.015690928
90	0.015596042
91	0.015125173
92	0.015130343
93	0.01518432
94	0.014888362
95	0.015438189
96	0.015375562
97	0.015169987
98	0.016396869
99	0.014603512
100	0.014510776
101	0.015208734
102	0.015494066
103	0.014550547
104	0.014404156
105	0.01513093
106	0.015478116
107	0.014493842
108	0.014405443
109	0.014913157
110	0.014676394
111	0.014873865
112	0.014714744
113	0.014990156
114	0.014834888
115	0.01501877
116	0.014909449
117	0.015546287
118	0.016386416
119	0.014884156
120	0.014814714
121	0.015245945
122	0.015078548
123	0.015543145
124	0.015887579
125	0.015013329
126	0.015030669
127	0.015524974
128	0.015374353
129	0.015719758
130	0.016033351
131	0.015298079
132	0.015623834
133	0.015323948
134	0.015575187
135	0.015159912
136	0.015452442
137	0.015776335
138	0.017463582
139	0.014888062
140	0.015070688
141	0.015512068
142	0.01539572
143	0.014930102
144	0.015065231
145	0.015892425
146	0.014922821
147	0.015141859
148	0.014871681
149	0.014970787
150	0.014710229
151	0.014953715
152	0.014621174
153	0.015081462
154	0.014997914
155	0.014815912
156	0.014626598
157	0.014974109
158	0.014609191
159	0.014973015
160	0.014538112
161	0.014822328
162	0.014400381
163	0.014908317
164	0.014588885
165	0.014641611
166	0.01424464
167	0.014878561
168	0.014555009
169	0.014565397
170	0.014358285
171	0.014489537
172	0.014099617
173	0.014688281
174	0.014164259
175	0.014843571
176	0.014629213
177	0.014239021
178	0.014191115
179	0.014065729
180	0.014300789
181	0.014988532
182	0.014532802
183	0.014097245
184	0.013943669
185	0.013900579
186	0.014071827
187	0.014821493
188	0.014858047
189	0.013846725
190	0.013796116
191	0.013975998
192	0.01373241
193	0.013722759
194	0.013809176
195	0.014244117
196	0.013717514
197	0.014181076
198	0.013770046
199	0.013648093
200	0.013764316
201	0.013548655
202	0.013663452
203	0.013460041
204	0.013422955
205	0.013390279
206	0.01338785
207	0.013299029
208	0.013293112
209	0.013228595
210	0.013156845
211	0.013143111
212	0.013042215
213	0.013137178
214	0.013083425
215	0.012880382
216	0.01303882
217	0.0136128
218	0.013376428
219	0.012845712
220	0.01282984
221	0.012682848
222	0.01308993
223	0.030036223
224	0.019057454
225	0.015009553
226	0.013217019
227	0.01291882
228	0.012863977
229	0.012529404
230	0.012681757
231	0.012271156
232	0.012404917
233	0.012943121
234	0.012601103
235	0.012424804
236	0.012639731
237	0.012174158
238	0.01230447
239	0.012810607
240	0.012447685
241	0.01228035
242	0.012464775
243	0.012181651
244	0.012338492
245	0.012169233
246	0.012276682
247	0.01206523
248	0.012082638
249	0.012056769
250	0.012182802
251	0.01196385
252	0.012055478
253	0.011934645
254	0.011959909
255	0.011917173
256	0.011924535
257	0.011792021
258	0.011984806
259	0.012517258
260	0.012050873
261	0.011948663
262	0.012149522
263	0.011748184
264	0.011914767
265	0.012424687
266	0.011997432
267	0.011906312
268	0.012155778
269	0.011799013
270	0.012132477
271	0.011740172
272	0.012050732
273	0.011712802
274	0.011992075
275	0.01168191
276	0.011932836
277	0.011645416
278	0.011873459
279	0.011625888
280	0.011862542
281	0.011583089
282	0.01170962
283	0.011610431
284	0.011749034
285	0.01152272
286	0.011703728
287	0.011479031
288	0.011706523
289	0.011387861
290	0.0115607
291	0.011349606
292	0.011453299
293	0.011320959
294	0.011469238
295	0.011253807
296	0.011429735
297	0.011222186
298	0.011421251
299	0.011181438
300	0.011383355
301	0.011143759
302	0.011359214
303	0.011090809
304	0.01133698
305	0.010974489
306	0.011167239
307	0.010937379
308	0.011134304
309	0.010864997
310	0.01103381
311	0.01083476
312	0.011068162
313	0.010691815
314	0.0108403
315	0.010646386
316	0.01076755
317	0.010560851
318	0.010658095
319	0.010503379
320	0.010565095
321	0.010455803
322	0.010574378
323	0.010392055
324	0.010382073
325	0.010420359
326	0.010450513
327	0.010309824
328	0.010436905
329	0.010239867
330	0.010301076
331	0.010251211
332	0.010316172
333	0.010169337
334	0.010267503
335	0.010114062
336	0.010143695
337	0.010109392
338	0.010152535
339	0.010061709
340	0.010174548
341	0.010053973
342	0.009960616
343	0.010171197
344	0.010191284
345	0.010687448
346	0.010290729
347	0.0099793098
348	0.010592987
349	0.0099000406
350	0.010390898
351	0.0098370983
352	0.009839276
353	0.010334866
354	0.0099064674
355	0.010409193
356	0.010786702
357	0.0097264062
358	0.010395336
359	0.0097979469
360	0.010134102
361	0.0098289509
362	0.010297207
363	0.0096887895
364	0.010240364
365	0.0096350078
366	0.010156546
367	0.0095883447
368	0.0099169921
369	0.0096632314
370	0.010025329
371	0.0096359925
372	0.010048967
373	0.009525638
374	0.0098185815
375	0.010363091
376	0.0097464343
377	0.0097225812
378	0.010378011
379	0.0094648529
380	0.0097046595
381	0.010216377
382	0.009709287
383	0.010118098
384	0.010508804
385	0.0096234206
386	0.010732744
387	0.0094839779
388	0.0096870351
389	0.010251271
390	0.010259595
391	0.0097056674
392	0.010626533
393	0.0095483878
394	0.0097205238
395	0.01026148
396	0.010046482
397	0.009736878
398	0.010091787
399	0.0096850373
400	0.0097831211
401	0.010209538
402	0.0098643528
403	0.010213677
404	0.010840269
405	0.0097212036
406	0.010785304
407	0.0096094911
408	0.0098225284
409	0.010359615
410	0.010209834
411	0.0097926184
412	0.010655834
413	0.0095991531
414	0.0098350614
415	0.010391781
416	0.010190176
417	0.0098343942
418	0.010605169
419	0.0097023389
420	0.010388443
421	0.0096713861
422	0.010249806
423	0.0096715999
424	0.010345962
425	0.0096381891
426	0.010043288
427	0.010615692
428	0.010029239
429	0.010418806
430	0.010610689
431	0.0097533476
432	0.01064101
433	0.0096470519
434	0.0099972499
435	0.010531707
436	0.010127188
437	0.0097997263
438	0.010406533
439	0.0096452352
440	0.010405316
441	0.0095879525
442	0.0099887311
443	0.010485006
444	0.010010192
445	0.0097236756
446	0.010513609
447	0.0094940883
448	0.0097765966
449	0.010272151
450	0.0099462289
451	0.0095536456
452	0.010555575
453	0.0093882919
454	0.0096625176
455	0.010186141
456	0.010147606
457	0.0094101691
458	0.010361866
459	0.0092955117
460	0.0095367879
461	0.010051789
462	0.0097846916
463	0.0093093157
464	0.010334121
465	0.0091265682
466	0.0093476391
467	0.0098726836
468	0.0097670186
469	0.0091421741
470	0.01027687
471	0.008955844
472	0.0091571513
473	0.0096862417
474	0.0091390708
475	0.0094442756
476	0.010666689
477	0.0088329609
478	0.0089146865
479	0.0095083698
480	0.0094124166
481	0.0090198077
482	0.010088791
483	0.0087159779
484	0.0087741046
485	0.0092804791
486	0.0088754697
487	0.0089244399
488	0.010527579
489	0.008557389
490	0.0085584552
491	0.0091069832
492	0.0084891486
493	0.008916569
494	0.010187859
495	0.0083758299
496	0.0083817725
497	0.0089417683
498	0.0089085304
499	0.008503123
500	0.0096525034
501	0.0082722253
502	0.0082955899
503	0.008746591
504	0.0082279036
505	0.0085048721
506	0.0099651427
507	0.008091554
508	0.0080656632
509	0.0085567487
510	0.0084370743
511	0.008105749
512	0.0094213321
513	0.0078669461
514	0.0078775116
515	0.0083122361
516	0.0077481203
517	0.0081164962
518	0.0095453964
519	0.0076577029
520	0.0076697059
521	0.0081005346
522	0.0076629271
523	0.0077873003
524	0.0090816422
525	0.0073894202
526	0.0074006577
527	0.0078276551
528	0.007313865
529	0.0076531644
530	0.0091119099
531	0.0071965287
532	0.0071672872
533	0.0076091237
534	0.0072525718
535	0.0073338922
536	0.0086657433
537	0.0069851742
538	0.0070062261
539	0.0074434697
540	0.0074047207
541	0.0070595172
542	0.0082756976
543	0.0068513982
544	0.0069187801
545	0.0073260131
546	0.0068249952
547	0.0071910664
548	0.0085882945
549	0.0067489349
550	0.0067411439
551	0.0071503017
552	0.0068007592
553	0.0068870497
554	0.008330656
555	0.0065839817
556	0.0065964055
557	0.0070145589
558	0.0069894316
559	0.0066355348
560	0.0081003376
561	0.0064732814
562	0.0064723864
563	0.0068650513
564	0.0063300825
565	0.0067013485
566	0.008123892
567	0.0062894132
568	0.0063151507
569	0.0067237424
570	0.006719424
571	0.0063615423
572	0.00785727
573	0.0061969748
574	0.0062445566
575	0.0066374516
576	0.0063221804
577	0.0063249168
578	0.0079460848
579	0.0060583025
580	0.0061368563
581	0.0065385291
582	0.0064340522
583	0.0061362691
584	0.0077838606
585	0.0059593909
586	0.006023958
587	0.0064244776
588	0.0062508486
589	0.0060566986
590	0.0078638608
591	0.0059008346
592	0.005951502
593	0.0063659383
594	0.0058783093
595	0.0062515049
596	0.0081021465
597	0.0058485547
598	0.005850424
599	0.0062569451
600	0.0058881551
601	0.0059852986
602	0.0077667135
603	0.0057522864
604	0.0057681925
605	0.0061716476
606	0.0059416657
607	0.0058877247
608	0.0079609224
609	0.0057747197
610	0.0057546131
611	0.0061829219
612	0.0060754821
613	0.0058094752
614	0.0077161391
615	0.0057451125
616	0.0057646806
617	0.0062058487
618	0.0056660229
619	0.0060571607
620	0.0081084844
621	0.0056988392
622	0.0056597042
623	0.0061023652
624	0.0056024877
625	0.0058277504
626	0.0078655262
627	0.0055339546
628	0.0055484328
629	0.005987495
630	0.0054756516
631	0.0056239927
632	0.0073184429
633	0.0053255849
634	0.0053850584
635	0.0058062789
636	0.0052230853
637	0.0055461666
638	0.0074649419
639	0.0052229644
640	0.0052239832
641	0.0056339809
642	0.0054114932
643	0.0052263455
644	0.0070715612
645	0.0050936974
646	0.0051197844
647	0.005526083
648	0.0050647557
649	0.0051617917
650	0.0070898075
651	0.0049326377
652	0.004983363
653	0.0054072655
654	0.0050062431
655	0.0050095604
656	0.0066745713
657	0.0048083462
658	0.0048507804
659	0.0052626749
660	0.0047914623
661	0.0049369385
662	0.0067753758
663	0.0046846292
664	0.0046995435
665	0.0051069627
666	0.0047444546
667	0.0047390358
668	0.0066120146
669	0.0045481862
670	0.0045814593
671	0.004990833
672	0.0045916085
673	0.0046346242
674	0.0067094271
675	0.0044552723
676	0.0044424035
677	0.0048688082
678	0.0044571844
679	0.0045047008
680	0.0064315636
681	0.0043399506
682	0.004327428
683	0.004737416
684	0.0043383592
685	0.0044028136
686	0.0062843928
687	0.0042811719
688	0.0042176123
689	0.0046186864
690	0.0042761611
691	0.0043110313
692	0.0063670019
693	0.0042210333
694	0.0041372998
695	0.0045247914
696	0.0041775598
697	0.004326558
698	0.0074111122
699	0.0043910281
700	0.0041214698
701	0.0045896184
702	0.004170141
703	0.004179472
704	0.0058306487
705	0.0040685492
706	0.0040148836
707	0.0044092639
708	0.0039930719
709	0.0041372384
710	0.0063439844
711	0.0040407929
712	0.0039241068
713	0.0043451873
714	0.0040399858
715	0.0039966415
716	0.005744366
717	0.0038952031
718	0.0038520419
719	0.0042375809
720	0.0038790806
721	0.0039719719
722	0.0057551512
723	0.0038325137
724	0.0037833218
725	0.0041700147
726	0.0038487137
727	0.0038982847
728	0.0056706013
729	0.0037767885
730	0.0037332165
731	0.0041254887
732	0.0037884763
733	0.0038522477
734	0.0055271348
735	0.0036818323
736	0.0036723257
737	0.0040590941
738	0.0036983441
739	0.0038275324
740	0.0056374293
741	0.0036613149
742	0.0036202874
743	0.0040217282
744	0.0038554107
745	0.0036737095
746	0.0051481673
747	0.0035483222
748	0.003567017
749	0.0039413302
750	0.0035717469
751	0.0036621402
752	0.0053821288
753	0.0035238447
754	0.0034809254
755	0.0038744017
756	0.0036887442
757	0.0035300096
758	0.0050706609
759	0.003424749
760	0.0034336803
761	0.0038050094
762	0.0034152366
763	0.0035496359
764	0.0053527687
765	0.0034178437
766	0.0033629247
767	0.0037477928
768	0.0033837711
769	0.0034814307
770	0.0050768658
771	0.0033176006
772	0.0033152799
773	0.0036879495
774	0.0033375052
775	0.0034621428
776	0.0052657083
777	0.0033287667
778	0.003281113
779	0.0036689327
780	0.0033188643
781	0.00340009
782	0.0047646816
783	0.0032070416
784	0.0032201541
785	0.003583839
786	0.0032410163
787	0.0033745346
788	0.0048793376
789	0.0032335438
790	0.0031935734
791	0.003574904
792	0.0034256402
793	0.0032737568
794	0.0045554297
795	0.0032078996
796	0.0031894886
797	0.0035325251
798	0.003206814
799	0.0033229391
800	0.0049183347
801	0.0032546155
802	0.0031632682
803	0.0034992563
804	0.0032294899
805	0.0032674411
806	0.0048791918
807	0.003267867
808	0.003142858
809	0.0034775674
810	0.0032723108
811	0.0032013046
812	0.0046857504
813	0.0032268726
814	0.0031470673
815	0.0034541551
816	0.0031409561
817	0.0032190986
818	0.0043927857
819	0.0031417479
820	0.0031147905
821	0.0033940946
822	0.0038267581
823	0.0030850563
824	0.0047441086
825	0.0032006545
826	0.0031860595
827	0.0034907555
828	0.003152295
829	0.0033465721
830	0.0051229803
831	0.0033392609
832	0.0031551981
833	0.0034808844
834	0.0033540858
835	0.0032324865
836	0.0049179875
837	0.0033096352
838	0.00316617
839	0.0035030454
840	0.0033770941
841	0.0031950909
842	0.0050566034
843	0.0033504912
844	0.0031836235
845	0.0035236298
846	0.0030671967
847	0.0033104558
848	0.0051736872
849	0.0032943536
850	0.0031130762
851	0.00346045
852	0.0032048564
853	0.0031272189
854	0.0045782158
855	0.003208126
856	0.005689543
857	0.0033442673
858	0.0032386104
859	0.0036495679
860	0.0030973743
861	0.0032467411
862	0.0052083464
863	0.0032124118
864	0.0030677538
865	0.0034837899
866	0.0029279638
867	0.0032686881
868	0.0055404385
869	0.0032040594
870	0.0030085872
871	0.0034593027
872	0.0032095541
873	0.0029913112
874	0.0039822381
875	0.0030145278
876	0.0051355177
877	0.0029223475
878	0.0030896707
879	0.003490996
880	0.0028703473
881	0.0031017559
882	0.0051026474
883	0.002979135
884	0.0029150804
885	0.0033539176
886	0.0029380806
887	0.0029549673
888	0.0047795388
889	0.0028963415
890	0.0028593288
891	0.0032666526
892	0.0029042126
893	0.0028592368
894	0.004219165
895	0.0027881897
896	0.0027700043
897	0.0031143877
898	0.002729809
899	0.0028900762
900	0.0054479728
901	0.0030169979
902	0.0027702346
903	0.0032171591
904	0.0027833806
905	0.0028799397
906	0.0047418393
907	0.0028180059
908	0.0027337248
909	0.0031348625
910	0.0026727575
911	0.0028336359
912	0.0042520275
913	0.0026977618
914	0.0026489364
915	0.0030020562
916	0.0028721837
917	0.0026358411
918	0.0039383103
919	0.002650781
920	0.0025916124
921	0.002910028
922	0.002702825
923	0.0026661783
924	0.004876786
925	0.0028026472
926	0.0025801461
927	0.0029715117
928	0.0025587008
929	0.0026819264
930	0.0040881941
931	0.0025307955
932	0.0040299715
933	0.0024592788
934	0.0036117976
935	0.0024741948
936	0.0038724918
937	0.0025613034
938	0.0029029038
939	0.0032248529
940	0.0026366798
941	0.0028231819
942	0.004607737
943	0.0026008437
944	0.0025984653
945	0.0030403662
946	0.0027984782
947	0.00259799
948	0.0037148319
949	0.002477946
950	0.0025021471
951	0.0028681732
952	0.002561944
953	0.0024829289
954	0.003753025
955	0.00241608
956	0.0024191341
957	0.002797364
958	0.0026364071
959	0.0024551599
960	0.0041405464
961	0.0025202486
962	0.0024267443
963	0.0028220403
964	0.0024903019
965	0.0025410801
966	0.0044693976
967	0.0025636052
968	0.0024490066
969	0.0028599584
970	0.0024188023
971	0.0025764428
972	0.0043034115
973	0.0025425672
974	0.0024399872
975	0.0028258904
976	0.0023941805
977	0.0025940092
978	0.0045154543
979	0.0026005144
980	0.0024539794
981	0.002842416
982	0.0024018097
983	0.0026244429
984	0.0046839616
985	0.0026529493
986	0.0024735051
987	0.0028661151
988	0.0024099757
989	0.0026057801
990	0.0045050173
991	0.0025531387
992	0.0024718302
993	0.0028658191
994	0.0028250888
995	0.0024428294
996	0.0036926335
997	0.0024849677
998	0.004763437
999	0.0024889592
1000	0.002690969
1001	0.0030807207
1002	0.0025584569
1003	0.0025997351
1004	0.0041604315
1005	0.0025022323
1006	0.0025272464
1007	0.0028892282
1008	0.0024958458
1009	0.0024907913
1010	0.0042974693
1011	0.0025218243
1012	0.00246377
1013	0.0028250176
1014	0.0023233831
1015	0.002545317
1016	0.0043657859
1017	0.002488554
1018	0.0023865839
1019	0.0027531136
1020	0.002432922
1021	0.0024228933
1022	0.0042550218
1023	0.0024789939
1024	0.0023937694
1025	0.0027582765
1026	0.0022931081
1027	0.0025063691
1028	0.0041104908
1029	0.002439573
1030	0.0023603584
1031	0.0027053761
1032	0.0022618318
1033	0.0024881633
1034	0.0041813315
1035	0.0024823267
1036	0.002350181
1037	0.0026777193
1038	0.0022922962
1039	0.0024212338
1040	0.0039148403
1041	0.0023463808
1042	0.0044514123
1043	0.0024307475
1044	0.0025619183
1045	0.0029269886
1046	0.0023433826
1047	0.0026081754
1048	0.0040560884
1049	0.0023992417
1050	0.0023738908
1051	0.0027303557
1052	0.0023165068
1053	0.0023956375
1054	0.0034345943
1055	0.0022033572
1056	0.0033573909
1057	0.0021963737
1058	0.0032451721
1059	0.0022268523
1060	0.0031230629
1061	0.0022768779
1062	0.0029716935
1063	0.0023423526
1064	0.0027423216
1065	0.0024034175
1066	0.002884939
1067	0.002371148
1068	0.0029305982
1069	0.0023747333
1070	0.002948153
1071	0.002411366
1072	0.0031647155
1073	0.0025066525
1074	0.0027471279
1075	0.0030029567
1076	0.0024552209
1077	0.0025134814
1078	0.0031328614
1079	0.0022425145
1080	0.0023405399
1081	0.0026544409
1082	0.0027221658
1083	0.0021456104
1084	0.0035359388
1085	0.0022181553
1086	0.0023106798
1087	0.0026367281
1088	0.0021777513
1089	0.0024095669
1090	0.0035392417
1091	0.0021179849
1092	0.0021344048
1093	0.0024575012
1094	0.0020567129
1095	0.002307416
1096	0.0036242573
1097	0.0020736521
1098	0.0039031187
1099	0.0021499657
1100	0.0022984788
1101	0.0026379845
1102	0.0024070394
1103	0.0020261185
1104	0.0030196011
1105	0.002023575
1106	0.0021888462
1107	0.0024917965
1108	0.002028309
1109	0.00228232
1110	0.0039195644
1111	0.0021327866
1112	0.0020480464
1113	0.0024109124
1114	0.0019540703
1115	0.0021764793
1116	0.0036772604
1117	0.0020256034
1118	0.0020011296
1119	0.002347831
1120	0.0019997611
1121	0.0019975824
1122	0.0027048451
1123	0.0018711242
1124	0.0031460554
1125	0.0018199571
1126	0.0025520233
1127	0.0019274159
1128	0.0021991643
1129	0.0019793066
1130	0.0028959376
1131	0.0018060914
1132	0.0020553911
1133	0.0020350824
1134	0.0027703935
1135	0.0018527121
1136	0.0025397718
1137	0.0019586791
1138	0.0025205292
1139	0.0019671719
1140	0.0026055154
1141	0.0020832749
1142	0.0023595359
1143	0.0026117582
1144	0.003153783
1145	0.0019063974
1146	0.0031748174
1147	0.0020647312
1148	0.0022682218
1149	0.0025857397
1150	0.0027579996
1151	0.001823447
1152	0.0021945011
1153	0.0020032987
1154	0.0031604378
1155	0.0019247381
1156	0.0022118693
1157	0.0025194918
1158	0.0025770082
1159	0.0018167551
1160	0.0035968565
1161	0.0020534411
1162	0.0022063898
1163	0.0025603221
1164	0.0023088937
1165	0.0018510752
1166	0.0028292138
1167	0.0019187068
1168	0.002096538
1169	0.0024116941
1170	0.0019122931
1171	0.002138784
1172	0.003121946
1173	0.0017550174
1174	0.0036501881
1175	0.0019219453
1176	0.0020768144
1177	0.0024063406
1178	0.0022121787
1179	0.0017990669
1180	0.0038070559
1181	0.0019761386
1182	0.002059016
1183	0.0024296866
1184	0.0020631808
1185	0.0017732392
1186	0.0017899522
1187	0.0019017935
1188	0.0028228553
1189	0.0017691044
1190	0.001966722
1191	0.0022820916
1192	0.0017873186
1193	0.0019139638
1194	0.0023460499
1195	0.001555386
1196	0.0023508001
1197	0.0016575222
1198	0.0031594802
1199	0.0017210939
1200	0.0019600164
1201	0.0023107839
1202	0.0021053029
1203	0.0018060784
1204	0.0026703068
1205	0.0017555822
1206	0.0018399415
1207	0.0021521159
1208	0.0016332734
1209	0.0019026355
1210	0.0032070585
1211	0.0016440395
1212	0.0030555024
1213	0.0017722268
1214	0.0019566506
1215	0.0022454947
1216	0.0017472356
1217	0.001848232
1218	0.0031155406
1219	0.0017564611
1220	0.0017813769
1221	0.0021021557
1222	0.0016765726
1223	0.0018376763
1224	0.0031416845
1225	0.001726116
1226	0.0017175733
1227	0.0020344154
1228	0.0015940203
1229	0.0018833858
1230	0.0036574408
1231	0.0017454107
1232	0.0036869921
1233	0.0018231073
1234	0.0019883336
1235	0.0023250371
1236	0.0021217196
1237	0.0016961502
1238	0.0025329418
1239	0.0016626897
1240	0.0028946382
1241	0.0015877243
1242	0.0024043301
1243	0.0017398149
1244	0.0028195882
1245	0.0018498832
1246	0.0022060462
1247	0.0025426096
1248	0.0018459503
1249	0.0020995538
1250	0.0027335448
1251	0.0014887846
1252	0.0023100739
1253	0.0016668978
1254	0.0023900967
1255	0.0016415471
1256	0.0024848397
1257	0.0016648508
1258	0.0028894427
1259	0.0018304964
1260	0.0022201918
1261	0.0025341925
1262	0.0018794936
1263	0.0020779154
1264	0.0029068861
1265	0.0015194659
1266	0.0038800361
1267	0.0018147079
1268	0.002066753
1269	0.0024945185
1270	0.0017862798
1271	0.0020160354
1272	0.0029530933
1273	0.0015893032
1274	0.001760893
1275	0.0021594838
1276	0.0015749732
1277	0.0018728484
1278	0.0035374064
1279	0.0017041052
1280	0.0016639115
1281	0.0021180573
1282	0.0015185083
1283	0.0018232269
1284	0.0029671331
1285	0.0015521089
1286	0.0016180612
1287	0.0019928085
1288	0.0014500637
1289	0.0017576403
1290	0.0030225955
1291	0.0015134282
1292	0.0039443308
1293	0.0017429754
1294	0.0018885592
1295	0.002282017
1296	0.0019951147
1297	0.001547485
1298	0.0022637227
1299	0.0015587758
1300	0.003409877
1301	0.0016247795
1302	0.0019557782
1303	0.0023700196
1304	0.0016271509
1305	0.0018759787
1306	0.0030034442
1307	0.0015535467
1308	0.001678628
1309	0.0021016111
1310	0.0014739194
1311	0.0017566867
1312	0.0032684168
1313	0.0016053223
1314	0.0016152186
1315	0.0020390766
1316	0.0015011887
1317	0.0015950831
1318	0.0025638306
1319	0.0014606812
1320	0.0015485812
1321	0.0019094147
1322	0.0013356974
1323	0.0016553413
1324	0.0038320965
1325	0.0017811523
1326	0.0015721938
1327	0.0020028636
1328	0.0014023171
1329	0.0017338033
1330	0.0037310448
1331	0.0017504474
1332	0.0015823099
1333	0.0020248134
1334	0.0014492818
1335	0.0016484496
1336	0.0032002457
1337	0.0015717413
1338	0.0015583781
1339	0.0019918925
1340	0.0015015667
1341	0.0015813398
1342	0.0034600392
1343	0.0016991853
1344	0.0015959965
1345	0.0020273138
1346	0.0013674625
1347	0.00168568
1348	0.0033393899
1349	0.001581515
1350	0.0015299846
1351	0.0019667737
1352	0.0015532733
1353	0.0015142015
1354	0.0031388923
1355	0.0015909306
1356	0.0015266675
1357	0.0019576501
1358	0.0013939612
1359	0.0015433006
1360	0.0030319905
1361	0.0014341103
1362	0.0014480495
1363	0.0018756895
1364	0.0013566047
1365	0.0015165006
1366	0.0034204152
1367	0.0015846151
1368	0.0014618412
1369	0.0019430841
1370	0.0015390953
1371	0.0014581113
1372	0.0026021711
1373	0.0014187958
1374	0.0014496216
1375	0.0018650891
1376	0.0014565944
1377	0.0014289131
1378	0.0028649554
1379	0.0014603728
1380	0.0014364722
1381	0.0018502746
1382	0.0012155127
1383	0.0015737272
1384	0.0030194105
1385	0.0013228999
1386	0.0031542802
1387	0.0014369096
1388	0.0016461803
1389	0.0020797222
1390	0.0013929223
1391	0.00170257
1392	0.0025495358
1393	0.001249394
1394	0.0033891369
1395	0.0015060895
1396	0.001683787
1397	0.0021338801
1398	0.0015541028
1399	0.001552959
1400	0.0022058332
1401	0.0013271088
1402	0.0034835462
1403	0.0014639499
1404	0.0017079926
1405	0.0021949288
1406	0.0016136224
1407	0.0015723455
1408	0.0023497322
1409	0.0013552765
1410	0.0034308104
1411	0.0014992974
1412	0.0017721476
1413	0.0022519093
1414	0.0014731075
1415	0.001824376
1416	0.002743311
1417	0.0013318474
1418	0.0040998338
1419	0.0017471438
1420	0.0018607386
1421	0.0023929132
1422	0.0015832754
1423	0.0018533447
1424	0.0029274584
1425	0.0014827717
1426	0.0015996575
1427	0.0020754477
1428	0.0014117326
1429	0.0017695279
1430	0.0029241132
1431	0.0013086536
1432	0.0035765189
1433	0.0015577292
1434	0.0017593066
1435	0.0022449938
1436	0.0014870467
1437	0.001698091
1438	0.0023952699
1439	0.0012857637
1440	0.0035737817
1441	0.0015236407
1442	0.0018232864
1443	0.0022848363
1444	0.0015665697
1445	0.0018311429
1446	0.0022017786
1447	0.0012208573
1448	0.0032748181
1449	0.0014495877
1450	0.0017151556
1451	0.002169541
1452	0.0014623592
1453	0.001607965
1454	0.0025671617
1455	0.0013735317
1456	0.0014885607
1457	0.0018998915
1458	0.0012969841
1459	0.0014674122
1460	0.0025273521
1461	0.0013274902
1462	0.0014043145
1463	0.0018049135
1464	0.0012039156
1465	0.001492158
1466	0.0030675891
1467	0.0014055035
1468	0.0013687333
1469	0.0017915901
1470	0.0013228864
1471	0.0014195804
1472	0.0027168005
1473	0.0013801452
1474	0.0013725296
1475	0.0017885632
1476	0.0011787941
1477	0.0015026446
1478	0.0023242199
1479	0.0010606756
1480	0.0023017184
1481	0.0011406115
1482	0.0023791899
1483	0.0013019838
1484	0.0016301075
1485	0.0019796907
1486	0.0013345111
1487	0.0015931045
1488	0.0026785646
1489	0.001181576
1490	0.0026421084
1491	0.0013786861
1492	0.0016217522
1493	0.0019576942
1494	0.0013073626
1495	0.001505747
1496	0.0032351051
1497	0.0015199479
1498	0.0014797655
1499	0.0018933457
1500	0.001255509
1501	0.0016004356
1502	0.0031699321
1503	0.0015140989
1504	0.0014249803
1505	0.001823527
1506	0.0014043726
1507	0.0013486451
1508	0.0021856848
1509	0.001197431
1510	0.0030533942
1511	0.0013296908
1512	0.0015365064
1513	0.0019780424
1514	0.0012884408
1515	0.0015762798
1516	0.0025577017
1517	0.0010436969
1518	0.0019355927
1519	0.001255087
1520	0.002792571
1521	0.0013822099
1522	0.0016568124
1523	0.0020772937
1524	0.0013382824
1525	0.0016079159
1526	0.0023927373
1527	0.0012628688
1528	0.0013559928
1529	0.0018040204
1530	0.0013826857
1531	0.0013297368
1532	0.0022160642
1533	0.0012602734
1534	0.0013200488
1535	0.0017192217
1536	0.0011785892
1537	0.0013131404
1538	0.0024360809
1539	0.001148694
1540	0.0012154955
1541	0.001629528
1542	0.0011421382
1543	0.0012555114
1544	0.0018915983
1545	0.0011260622
1546	0.0031596302
1547	0.0013193906
1548	0.0013961363
1549	0.0018388196
1550	0.0012396194
1551	0.0013614466
1552	0.0019250504
1553	0.0011077011
1554	0.0028792711
1555	0.0012431516
1556	0.0014477967
1557	0.0018870617
1558	0.0012168805
1559	0.0015306723
1560	0.00245298
1561	0.0012026189
1562	0.0012459178
1563	0.0016952979
1564	0.0011203709
1565	0.001397893
1566	0.0025093554
1567	0.001038704
1568	0.0018475898
1569	0.0011543939
1570	0.002248212
1571	0.001116707
1572	0.0026363924
1573	0.001399219
1574	0.0017064306
1575	0.0020783433
1576	0.0014224869
1577	0.0016753929
1578	0.0019301545
1579	0.0011137307
1580	0.0024478496
1581	0.0013194238
1582	0.0015233903
1583	0.0018719413
1584	0.0012800104
1585	0.0014582909
1586	0.0019981881
1587	0.00098684301
