1	8
2	7
3	5
4	6
5	6
6	5
7	5
8	5
9	4
10	4
11	4
12	4
13	4
14	4
15	4
16	4
17	4
18	4
19	4
20	4
21	4
22	4
23	4
24	4
25	4
26	4
27	4
28	3
29	4
30	3
31	4
32	3
33	4
34	3
35	4
36	4
37	4
38	4
39	4
40	4
41	4
42	4
43	4
44	4
45	4
46	4
47	4
48	4
49	4
50	4
51	4
52	4
53	4
54	4
55	4
56	4
57	4
58	4
59	4
60	4
61	4
62	4
63	4
64	4
65	4
66	4
67	4
68	4
69	4
70	4
71	4
72	4
73	4
74	4
75	4
76	4
77	4
78	4
79	4
80	4
81	4
82	3
83	4
84	3
85	3
86	3
87	3
88	3
89	3
90	3
91	3
92	3
93	3
94	3
95	3
96	3
97	3
98	3
99	3
100	3
101	3
102	3
103	3
104	3
105	3
106	3
107	3
108	3
109	3
110	3
111	3
112	3
113	3
114	3
115	3
116	3
117	3
118	3
119	3
120	3
121	3
122	3
123	3
124	3
125	3
126	3
127	3
128	3
129	3
130	3
131	3
132	3
133	3
134	3
135	3
136	3
137	3
138	3
139	3
140	3
141	3
142	3
143	3
144	3
145	3
146	3
147	3
148	3
149	3
150	3
151	3
152	3
153	3
154	3
155	3
156	3
157	3
158	3
159	3
160	3
161	3
162	3
163	3
164	3
165	3
166	3
167	3
168	3
169	3
170	3
171	3
172	3
173	3
174	3
175	3
176	3
177	3
178	3
179	3
180	3
181	3
182	3
183	3
184	3
185	3
186	3
187	3
188	3
189	3
190	3
191	3
192	3
193	3
194	3
195	3
196	3
197	3
198	3
199	3
200	3
201	3
202	3
203	3
204	3
205	3
206	3
207	3
208	3
209	3
210	3
211	3
212	3
213	3
214	3
215	3
216	3
217	3
218	3
219	3
220	3
221	3
222	4
223	4
224	4
225	3
226	3
227	3
228	3
229	3
230	3
231	3
232	3
233	3
234	3
235	3
236	3
237	3
238	3
239	3
240	3
241	3
242	3
243	3
244	3
245	3
246	3
247	3
248	3
249	3
250	3
251	3
252	3
253	3
254	3
255	3
256	3
257	3
258	3
259	3
260	3
261	3
262	3
263	3
264	3
265	3
266	3
267	3
268	3
269	3
270	3
271	3
272	3
273	3
274	3
275	3
276	3
277	3
278	3
279	3
280	3
281	3
282	3
283	3
284	3
285	3
286	3
287	3
288	3
289	3
290	3
291	3
292	3
293	3
294	3
295	3
296	3
297	3
298	3
299	3
300	3
301	3
302	3
303	3
304	3
305	3
306	3
307	3
308	3
309	3
310	3
311	3
312	3
313	3
314	3
315	3
316	3
317	3
318	3
319	3
320	3
321	3
322	3
323	3
324	3
325	3
326	3
327	3
328	3
329	3
330	3
331	3
332	3
333	3
334	3
335	3
336	3
337	3
338	3
339	3
340	3
341	3
342	3
343	3
344	3
345	3
346	3
347	3
348	3
349	3
350	3
351	3
352	3
353	3
354	3
355	3
356	3
357	3
358	3
359	3
360	3
361	3
362	3
363	3
364	3
365	3
366	3
367	3
368	3
369	3
370	3
371	3
372	3
373	3
374	3
375	3
376	3
377	3
378	3
379	3
380	3
381	3
382	3
383	3
384	3
385	3
386	3
387	3
388	3
389	3
390	3
391	3
392	3
393	3
394	3
395	3
396	3
397	3
398	3
399	3
400	3
401	3
402	3
403	3
404	3
405	3
406	3
407	3
408	3
409	3
410	3
411	3
412	3
413	3
414	3
415	3
416	3
417	3
418	3
419	3
420	3
421	3
422	3
423	3
424	3
425	3
426	3
427	3
428	3
429	3
430	3
431	3
432	3
433	3
434	3
435	3
436	3
437	3
438	3
439	3
440	3
441	3
442	3
443	3
444	3
445	3
446	3
447	3
448	3
449	3
450	3
451	3
452	3
453	3
454	3
455	3
456	3
457	3
458	3
459	3
460	3
461	3
462	3
463	3
464	3
465	3
466	3
467	3
468	3
469	3
470	3
471	3
472	3
473	3
474	3
475	3
476	3
477	3
478	3
479	3
480	3
481	3
482	3
483	3
484	3
485	3
486	3
487	3
488	3
489	3
490	3
491	3
492	3
493	3
494	3
495	3
496	3
497	3
498	3
499	3
500	3
501	3
502	3
503	3
504	3
505	3
506	3
507	3
508	3
509	3
510	3
511	3
512	3
513	3
514	3
515	3
516	3
517	3
518	3
519	3
520	4
521	3
522	3
523	3
524	3
525	3
526	4
527	3
528	4
529	3
530	3
531	3
532	4
533	3
534	3
535	3
536	3
537	3
538	4
539	3
540	3
541	3
542	3
543	4
544	4
545	4
546	4
547	4
548	3
549	4
550	4
551	4
552	4
553	4
554	3
555	4
556	4
557	4
558	4
559	4
560	3
561	4
562	4
563	4
564	4
565	4
566	3
567	4
568	4
569	4
570	4
571	4
572	3
573	4
574	4
575	4
576	4
577	4
578	3
579	4
580	4
581	4
582	4
583	4
584	3
585	4
586	4
587	4
588	4
589	4
590	3
591	4
592	4
593	4
594	4
595	4
596	3
597	4
598	4
599	4
600	4
601	4
602	3
603	4
604	4
605	4
606	4
607	4
608	3
609	4
610	4
611	4
612	4
613	4
614	3
615	4
616	4
617	4
618	4
619	4
620	3
621	4
622	4
623	4
624	4
625	4
626	3
627	4
628	4
629	4
630	4
631	4
632	3
633	4
634	4
635	4
636	4
637	4
638	3
639	4
640	4
641	4
642	4
643	4
644	3
645	4
646	4
647	4
648	4
649	4
650	3
651	4
652	4
653	4
654	4
655	4
656	4
657	4
658	4
659	4
660	4
661	4
662	4
663	4
664	4
665	4
666	4
667	4
668	4
669	4
670	4
671	4
672	4
673	4
674	4
675	4
676	4
677	4
678	4
679	4
680	4
681	4
682	4
683	4
684	4
685	4
686	4
687	4
688	4
689	4
690	4
691	4
692	4
693	4
694	4
695	4
696	4
697	4
698	3
699	4
700	4
701	4
702	4
703	4
704	4
705	4
706	4
707	4
708	4
709	4
710	4
711	4
712	4
713	4
714	4
715	4
716	4
717	4
718	4
719	4
720	4
721	4
722	4
723	4
724	4
725	4
726	4
727	4
728	4
729	4
730	4
731	4
732	4
733	4
734	4
735	4
736	4
737	4
738	4
739	4
740	4
741	4
742	4
743	4
744	4
745	4
746	4
747	4
748	4
749	4
750	4
751	4
752	4
753	4
754	4
755	4
756	4
757	4
758	4
759	4
760	4
761	4
762	4
763	4
764	4
765	4
766	4
767	4
768	4
769	4
770	4
771	4
772	4
773	4
774	4
775	4
776	4
777	4
778	4
779	4
780	4
781	4
782	4
783	4
784	4
785	4
786	4
787	4
788	4
789	4
790	4
791	4
792	4
793	4
794	4
795	4
796	4
797	4
798	4
799	4
800	4
801	4
802	4
803	4
804	4
805	4
806	4
807	4
808	4
809	4
810	4
811	4
812	4
813	4
814	4
815	4
816	4
817	4
818	4
819	4
820	4
821	4
822	4
823	4
824	4
825	4
826	4
827	4
828	4
829	4
830	4
831	4
832	4
833	4
834	4
835	4
836	4
837	4
838	4
839	4
840	4
841	4
842	4
843	4
844	4
845	4
846	4
847	4
848	4
849	4
850	4
851	4
852	4
853	4
854	4
855	4
856	4
857	4
858	4
859	4
860	4
861	4
862	4
863	4
864	4
865	4
866	4
867	4
868	4
869	4
870	4
871	4
872	4
873	4
874	4
875	4
876	4
877	4
878	4
879	4
880	4
881	4
882	4
883	4
884	4
885	4
886	4
887	4
888	4
889	4
890	4
891	4
892	4
893	4
894	4
895	4
896	4
897	4
898	4
899	4
900	4
901	4
902	4
903	4
904	4
905	4
906	4
907	4
908	4
909	4
910	4
911	4
912	4
913	4
914	4
915	4
916	4
917	4
918	4
919	4
920	4
921	4
922	4
923	4
924	4
925	4
926	4
927	4
928	4
929	4
930	4
931	4
932	4
933	4
934	4
935	4
936	4
937	4
938	4
939	4
940	4
941	4
942	4
943	4
944	4
945	4
946	4
947	4
948	4
949	4
950	4
951	4
952	4
953	4
954	4
955	4
956	4
957	4
958	4
959	4
960	4
961	4
962	4
963	4
964	4
965	4
966	4
967	4
968	4
969	4
970	4
971	4
972	4
973	4
974	4
975	4
976	4
977	4
978	4
979	4
980	4
981	4
982	4
983	4
984	4
985	4
986	4
987	4
988	4
989	4
990	4
991	4
992	4
993	4
994	4
995	4
996	4
997	4
998	4
999	4
1000	4
1001	4
1002	4
1003	4
1004	4
1005	4
1006	4
1007	4
1008	4
1009	4
1010	4
1011	4
1012	4
1013	4
1014	4
1015	4
1016	4
1017	4
1018	4
1019	4
1020	4
1021	4
1022	4
1023	4
1024	4
1025	4
1026	4
1027	4
1028	4
1029	4
1030	4
1031	4
1032	4
1033	4
1034	4
1035	4
1036	4
1037	4
1038	4
1039	4
1040	4
1041	4
1042	4
1043	4
1044	4
1045	4
1046	4
1047	4
1048	4
1049	4
1050	4
1051	4
1052	4
1053	4
1054	4
1055	4
1056	4
1057	4
1058	4
1059	4
1060	4
1061	4
1062	4
1063	4
1064	4
1065	4
1066	4
1067	4
1068	4
1069	4
1070	4
1071	4
1072	4
1073	4
1074	4
1075	4
1076	4
1077	4
1078	4
1079	4
1080	4
1081	4
1082	4
1083	4
1084	4
1085	4
1086	4
1087	4
1088	4
1089	4
1090	4
1091	4
1092	4
1093	4
1094	4
1095	4
1096	4
1097	4
1098	4
1099	4
1100	4
1101	4
1102	4
1103	4
1104	4
1105	4
1106	4
1107	4
1108	4
1109	4
1110	3
1111	4
1112	4
1113	4
1114	4
1115	4
1116	4
1117	4
1118	4
1119	4
1120	4
1121	4
1122	4
1123	4
1124	4
1125	4
1126	4
1127	4
1128	4
1129	4
1130	4
1131	4
1132	4
1133	4
1134	4
1135	4
1136	4
1137	4
1138	4
1139	4
1140	4
1141	4
1142	4
1143	4
1144	3
1145	4
1146	4
1147	4
1148	4
1149	4
1150	4
1151	4
1152	4
1153	4
1154	3
1155	4
1156	4
1157	4
1158	4
1159	4
1160	4
1161	4
1162	4
1163	4
1164	4
1165	4
1166	4
1167	4
1168	4
1169	4
1170	4
1171	4
1172	4
1173	4
1174	4
1175	4
1176	4
1177	4
1178	4
1179	4
1180	4
1181	4
1182	4
1183	4
1184	4
1185	4
1186	4
1187	4
1188	4
1189	4
1190	4
1191	4
1192	4
1193	4
1194	4
1195	4
1196	4
1197	4
1198	3
1199	4
1200	4
1201	4
1202	4
1203	4
1204	4
1205	4
1206	4
1207	4
1208	4
1209	4
1210	4
1211	4
1212	4
1213	4
1214	4
1215	4
1216	4
1217	4
1218	3
1219	4
1220	4
1221	4
1222	4
1223	4
1224	3
1225	4
1226	4
1227	4
1228	4
1229	4
1230	3
1231	4
1232	3
1233	4
1234	4
1235	4
1236	4
1237	4
1238	4
1239	4
1240	4
1241	4
1242	4
1243	4
1244	4
1245	4
1246	4
1247	3
1248	4
1249	4
1250	4
1251	4
1252	4
1253	4
1254	4
1255	4
1256	4
1257	4
1258	3
1259	4
1260	3
1261	3
1262	4
1263	4
1264	4
1265	4
1266	3
1267	4
1268	4
1269	4
1270	4
1271	4
1272	3
1273	4
1274	4
1275	4
1276	4
1277	4
1278	3
1279	4
1280	4
1281	4
1282	4
1283	4
1284	3
1285	4
1286	4
1287	4
1288	4
1289	4
1290	4
1291	4
1292	3
1293	4
1294	4
1295	4
1296	4
1297	4
1298	4
1299	4
1300	3
1301	4
1302	4
1303	4
1304	4
1305	4
1306	3
1307	4
1308	4
1309	4
1310	4
1311	4
1312	3
1313	4
1314	4
1315	4
1316	4
1317	4
1318	4
1319	4
1320	4
1321	4
1322	4
1323	4
1324	3
1325	4
1326	4
1327	4
1328	4
1329	4
1330	3
1331	4
1332	4
1333	4
1334	4
1335	4
1336	3
1337	4
1338	4
1339	4
1340	4
1341	4
1342	3
1343	4
1344	4
1345	4
1346	4
1347	4
1348	3
1349	4
1350	4
1351	4
1352	4
1353	4
1354	3
1355	4
1356	4
1357	4
1358	4
1359	4
1360	3
1361	4
1362	4
1363	4
1364	4
1365	4
1366	3
1367	4
1368	4
1369	4
1370	4
1371	4
1372	4
1373	4
1374	4
1375	4
1376	4
1377	4
1378	3
1379	4
1380	4
1381	4
1382	4
1383	4
1384	3
1385	4
1386	3
1387	4
1388	4
1389	4
1390	4
1391	4
1392	4
1393	4
1394	3
1395	4
1396	4
1397	4
1398	4
1399	4
1400	4
1401	4
1402	3
1403	4
1404	4
1405	4
1406	4
1407	4
1408	4
1409	4
1410	3
1411	4
1412	4
1413	4
1414	4
1415	4
1416	4
1417	4
1418	3
1419	4
1420	4
1421	4
1422	4
1423	4
1424	3
1425	4
1426	4
1427	4
1428	4
1429	4
1430	3
1431	4
1432	3
1433	4
1434	4
1435	4
1436	4
1437	4
1438	4
1439	4
1440	3
1441	4
1442	4
1443	4
1444	4
1445	4
1446	4
1447	4
1448	3
1449	4
1450	4
1451	4
1452	4
1453	4
1454	3
1455	4
1456	4
1457	4
1458	4
1459	4
1460	3
1461	4
1462	4
1463	4
1464	4
1465	4
1466	3
1467	4
1468	4
1469	4
1470	4
1471	4
1472	3
1473	4
1474	4
1475	4
1476	4
1477	4
1478	4
1479	4
1480	4
1481	4
1482	3
1483	4
1484	4
1485	4
1486	4
1487	4
1488	3
1489	4
1490	4
1491	4
1492	4
1493	3
1494	4
1495	4
1496	3
1497	4
1498	4
1499	3
1500	4
1501	4
1502	3
1503	4
1504	4
1505	3
1506	3
1507	4
1508	4
1509	4
1510	3
1511	4
1512	4
1513	3
1514	4
1515	4
1516	4
1517	4
1518	4
1519	4
1520	3
1521	4
1522	3
1523	3
1524	4
1525	4
1526	3
1527	4
1528	4
1529	3
1530	4
1531	4
1532	3
1533	4
1534	4
1535	4
1536	4
1537	4
1538	3
1539	4
1540	4
1541	4
1542	4
1543	4
1544	4
1545	4
1546	3
1547	4
1548	4
1549	4
1550	4
1551	4
1552	4
1553	4
1554	3
1555	4
1556	4
1557	4
1558	4
1559	4
1560	3
1561	4
1562	4
1563	4
1564	4
1565	4
1566	3
1567	4
1568	4
1569	4
1570	3
1571	4
1572	3
1573	4
1574	4
1575	3
1576	4
1577	4
1578	4
1579	4
1580	3
1581	4
1582	4
1583	4
1584	4
1585	4
1586	4
1587	4
